"apn","pstreet_addr","pcity","pstate","pzip","plon","plat","pminx","pminy","pmaxx","pmaxy","planduse","pfull_address","parcel_dir"
"029345130","26362 LAWTON AVE","Loma Linda","CA",92354,-117.229239498,34.0449167153,-117.229323238,34.0448060271,-117.229155764,34.0450273813,"532","26362 LAWTON AVE,Loma Linda,CA,92354",6071
"23504800370000","9147 PERSHING AVE","Orangevale","CA",95662,-121.213901675,38.6708152346,-121.21401323,38.6706055214,-121.213792183,38.6710265909,NA,"9147 PERSHING AVE,Orangevale,CA,95662",6067
"232052005","1153 SIERRA VISTA WAY","Lafayette","CA",94549,-122.114609607,37.8982677233,-122.114886371,37.8978975253,-122.114412289,37.898760217,NA,"1153 SIERRA VISTA WAY,Lafayette,CA,94549",6013
"8589026023","5033 Baldwin Ave","Temple City","CA",91780,-118.049846129,34.0945402847,-118.04997662,34.0944167133,-118.049716371,34.0946635985,"0100","5033 Baldwin Ave,Temple City,CA,91780",6037
"200291193","460 9TH ST","Mc Farland","CA",93250,-119.237737665,35.6789471257,-119.23794007,35.6788773989,-119.237535267,35.6790168561,"0101","460 9TH ST,Mc Farland,CA,93250",6029
"107618146","7017 NEWTON PL","Alta Loma","CA",91701,-117.592751185,34.1268426075,-117.592902871,34.1267837389,-117.592610044,34.1269016316,"510","7017 NEWTON PL,Alta Loma,CA,91701",6071
"8468015024","1600 W Cameron Ave","West Covina","CA",91790,-117.943032896,34.0685424244,-117.943538578,34.0681056101,-117.942527964,34.0689799637,"1800","1600 W Cameron Ave,West Covina,CA,91790",6037
"2203112937","500 RANCHEROS DR","San Marcos","CA",92069,-117.153226611,33.1412541249,-117.155567866,33.1393828965,-117.150832985,33.1430624795,NA,"500 RANCHEROS DR,San Marcos,CA,92069",6073
"110-120-009-000","3110 ASPEN GROVE RD","Truckee","CA",96161,-120.118140589,39.277759796,-120.118190768,39.27773372,-120.11808974,39.2777866452,"04","3110 ASPEN GROVE RD,Truckee,CA,96161",6061
"3603020600","4385 TECUMSEH WAY","San Diego","CA",92117,-117.198436488,32.8286091272,-117.198600935,32.8284439859,-117.198269893,32.8287742377,NA,"4385 TECUMSEH WAY,San Diego,CA,92117",6073
"003 461 06","820 JACKSON ST","Winters","CA",95694,-121.987744285,38.5209870383,-121.987938424,38.5208934636,-121.987550977,38.5210803594,NA,"820 JACKSON ST,Winters,CA,95694",6113
"2646012014","10237 Laurel Canyon Blvd","Hansen Hills","CA",91331,-118.430159441,34.256463333,-118.430371091,34.2562968375,-118.429947778,34.2566298174,"0100","10237 Laurel Canyon Blvd,Hansen Hills,CA,91331",6037
"6422620700","952 BUENA VISTA WAY","Chula Vista","CA",91910,-117.002927973,32.6382673437,-117.003095919,32.6381504074,-117.002744793,32.6383860441,NA,"952 BUENA VISTA WAY,Chula Vista,CA,91910",6073
"002-441-016","617 SANNS LN","Healdsburg","CA",95448,-122.859871671,38.6232431762,-122.860143806,38.6230861271,-122.859673916,38.6233820359,NA,"617 SANNS LN,Healdsburg,CA,95448",6097
"5533004017","1205 Cole Ave","Los Angeles","CA",90038,-118.330036791,34.0927092785,-118.330070278,34.0926141335,-118.330003172,34.0928045492,"0100","1205 Cole Ave,Los Angeles,CA,90038",6037
"060320110","62082 CHOLLITA RD","Joshua Tree","CA",92252,-116.309065943,34.1377760947,-116.309191563,34.1375418852,-116.308940326,34.1380103071,"605","62082 CHOLLITA RD,Joshua Tree,CA,92252",6071
"51032422","4185 N FORESTIERE AVE","FRESNO","CA",93722,-119.882988562,36.7963091016,-119.883133671,36.796098208,-119.882783305,36.7964461831,"11","4185 N FORESTIERE AVE,FRESNO,CA,93722",6019
"8294014026","2242 Flower Creek Ln",NA,"CA",91745,-117.947192417,33.9870482342,-117.947415208,33.9869251422,-117.946957225,33.9871728606,"0100","2242 Flower Creek Ln,NA,CA,91745",6037
"3112005087","2558 W Avenue K6","Del Sur","CA",93536,-118.176715189,34.6692349314,-118.176834194,34.6690900582,-118.176596189,34.6693798182,"0100","2558 W Avenue K6,Del Sur,CA,93536",6037
"531 002203000","39612 BANYAN TREE RD","Fremont","CA",94538,-121.99031137,37.5314846169,-121.990486356,37.5313316565,-121.990136769,37.5316374842,"1100","39612 BANYAN TREE RD,Fremont,CA,94538",6001
"8508012027","110 E Cypress Ave","Monrovia","CA",91016,-118.000228752,34.1392297749,-118.000308353,34.1390390959,-118.000149726,34.1394194284,"0100","110 E Cypress Ave,Monrovia,CA,91016",6037
"41418014","1978 ASSUNTA WAY","San Jose","CA",95124,-121.92930373,37.2706966987,-121.929491277,37.2705460433,-121.929114126,37.2708640313,NA,"1978 ASSUNTA WAY,San Jose,CA,95124",6085
"5624029022","113 W Linden Ct","Burbank","CA",91502,-118.300341032,34.1688695598,-118.300457223,34.1687725531,-118.300224328,34.1689661259,"2700","113 W Linden Ct,Burbank,CA,91502",6037
"1156041000","22090 KNOLLS DR","Grass Valley","CA",95949,-121.043247507,39.055121423,-121.04424816,39.0539350642,-121.042244572,39.0563254432,NA,"22090 KNOLLS DR,Grass Valley,CA,95949",6057
"23504900100000","9241 PERSHING AVE","Orangevale","CA",95662,-121.209750676,38.6707497046,-121.209857898,38.6705308596,-121.209644527,38.6709607361,NA,"9241 PERSHING AVE,Orangevale,CA,95662",6067
"015-382-067-000","636 SPRINGFIELD CIR","Roseville","CA",95678,-121.301108188,38.7602306179,-121.301324194,38.7601762065,-121.300910521,38.7602871236,"01","636 SPRINGFIELD CIR,Roseville,CA,95678",6061
"3204037036","6552 Parker Dr",NA,"CA",93551,-118.246611506,34.636424279,-118.246979487,34.6362678195,-118.246366005,34.636679852,"0100","6552 Parker Dr,NA,CA,93551",6037
"6620015","444 29TH ST","San Francisco","CA",94131,-122.429972276,37.7437433139,-122.430029163,37.7435845509,-122.429915389,37.7439020756,NA,"444 29TH ST,San Francisco,CA,94131",6075
"022626169","14060 GLENDALE CT","Etiwanda","CA",91739,-117.49757039,34.1564493864,-117.497802269,34.1562497582,-117.497344463,34.1566728819,"510","14060 GLENDALE CT,Etiwanda,CA,91739",6071
"6301601900","1110 MADDEN AVE","San Diego","CA",92154,-117.071362386,32.576101227,-117.071522991,32.5760193447,-117.071200606,32.5761842112,NA,"1110 MADDEN AVE,San Diego,CA,92154",6073
"11634302","2541 SANDPIPER WAY","Cameron Park","CA",95682,-121.005729588,38.6916133639,-121.005960691,38.6914976106,-121.005499277,38.69173157,"11","2541 SANDPIPER WAY,Cameron Park,CA,95682",6017
"5362020200","343 PALM AVE","Coronado","CA",92118,-117.179150908,32.6971211661,-117.179288492,32.696927833,-117.17901389,32.6972755107,NA,"343 PALM AVE,Coronado,CA,92118",6073
"5034020040","3850 2nd Ave","Baldwin Hills","CA",90008,-118.318976214,34.0163782824,-118.319190884,34.0163231366,-118.318761544,34.0164334281,"0100","3850 2nd Ave,Baldwin Hills,CA,90008",6037
"2458001L","2639 38TH AVE","San Francisco","CA",94116,-122.496061327,37.7376471451,-122.496268405,37.7376038275,-122.495854256,37.7376904624,NA,"2639 38TH AVE,San Francisco,CA,94116",6075
"101233131","11226 BOLTON AVE","Ontario","CA",91762,-117.702254925,34.0499238172,-117.702436388,34.0498307829,-117.702073455,34.0500168536,"510","11226 BOLTON AVE,Ontario,CA,91762",6071
"1030622200","745 N VINE ST","Fallbrook","CA",92028,-117.249947604,33.3885127081,-117.250163142,33.3883606034,-117.24973116,33.388667727,NA,"745 N VINE ST,Fallbrook,CA,92028",6073
"692560063","40604 PINE GROVE ST",NA,NA,92203,-116.222822388,33.7540465225,-116.223060607,33.7539488622,-116.222567963,33.754146763,NA,"40604 PINE GROVE ST,NA,NA,92203",6065
"964250016","38350 QUIET RUN CT","Murrieta","CA",92563,-117.115750674,33.5641136457,-117.115905342,33.5640340712,-117.115590236,33.5641918916,NA,"38350 QUIET RUN CT,Murrieta,CA,92563",6065
"1722601900","29062 VISTA VALLEY DR","Vista","CA",92084,-117.189600542,33.2432625912,-117.189795453,33.2431487647,-117.189400708,33.2433727346,NA,"29062 VISTA VALLEY DR,Vista,CA,92084",6073
"055 186601100","2425 PIEDMONT AVE","Berkeley","CA",94704,-122.251333626,37.866809267,-122.251590283,37.8666453419,-122.251079363,37.8669726087,"7600","2425 PIEDMONT AVE,Berkeley,CA,94704",6001
"045073010000","1525 MEEK AVE","Napa","CA",94559,-122.272209203,38.308408196,-122.27243544,38.3083147641,-122.271983291,38.3085007516,"11","1525 MEEK AVE,Napa,CA,94559",6055
"5351131324","800 THE MARK LN","San Diego","CA",92101,-117.156931655,32.7109611201,-117.157261054,32.7105466912,-117.156602492,32.711375334,NA,"800 THE MARK LN,San Diego,CA,92101",6073
"110044134","7436 DOHENY CT","Fontana","CA",92336,-117.497441571,34.1188023999,-117.497643264,34.1186655823,-117.497226771,34.1189265778,"510","7436 DOHENY CT,Fontana,CA,92336",6071
"001565023000","3639 BECKWORTH DR","Napa","CA",94558,-122.310222226,38.325376335,-122.310368205,38.3252227509,-122.31007632,38.3255297563,"111","3639 BECKWORTH DR,Napa,CA,94558",6055
"025-333-001","1990 Laguna St","Santa Barbara","CA",93103,-119.709987977,34.4363573953,-119.710936487,34.4355481487,-119.709051089,34.4371958332,"7200","1990 Laguna St,Santa Barbara,CA,93103",6083
"7518017004","5432 Sara Dr",NA,"CA",90503,-118.372023828,33.8463206324,-118.372209045,33.8461252567,-118.371858141,33.8465109543,"0100","5432 Sara Dr,NA,CA,90503",6037
"2812024018","28604 Crown Ct","Green Valley","CA",91390,-118.496320959,34.4620767662,-118.496512227,34.4619703135,-118.496140627,34.462188538,"0101","28604 Crown Ct,Green Valley,CA,91390",6037
"357120039","792 EDWARD WERTH DR","Rodeo","CA",94572,-122.263819918,38.0253426182,-122.263983637,38.0252375549,-122.263651187,38.0254468025,NA,"792 EDWARD WERTH DR,Rodeo,CA,94572",6013
"188210043","40 CREST ESTATE DR","Alamo","CA",94507,-122.054593555,37.8771781354,-122.054917648,37.876837732,-122.054271735,37.8775133221,NA,"40 CREST ESTATE DR,Alamo,CA,94507",6013
"5678003007","1112 Scofield Dr","Glendale","CA",91205,-118.240632332,34.1305939651,-118.240832409,34.1304212663,-118.240508685,34.1307286311,"0200","1112 Scofield Dr,Glendale,CA,91205",6037
"486373031","15640 LAS POSAS DR","Moreno Valley","CA",92551,-117.211777202,33.8926250783,-117.211985877,33.8925086278,-117.211588729,33.892759527,NA,"15640 LAS POSAS DR,Moreno Valley,CA,92551",6065
"101609157","4421 PHILADELPHIA ST","Chino","CA",91710,-117.708412193,34.0332475021,-117.708494961,34.0332194896,-117.708329425,34.0332755147,"531","4421 PHILADELPHIA ST,Chino,CA,91710",6071
"2784001114","9000 Vanalden Ave","Northridge","CA",91324,-118.548435942,34.2344895027,-118.549195872,34.2336983682,-118.547605114,34.2353484644,"010C","9000 Vanalden Ave,Northridge,CA,91324",6037
"29934012","918 DAFFODIL WAY","San Jose","CA",95117,-121.970864044,37.3102394642,-121.971046837,37.3101600172,-121.970680755,37.3103181675,NA,"918 DAFFODIL WAY,San Jose,CA,95117",6085
"2812099034","28432 Santa Rosa Ln","Santa Clarita","CA",91350,-118.477754738,34.445846155,-118.478224981,34.4451634677,-118.477313744,34.4464441938,"012C","28432 Santa Rosa Ln,Santa Clarita,CA,91350",6037
"185-142-06","32 ROBINHOOD DR","San Rafael","CA",94901,-122.481852243,37.9868890008,-122.48200904,37.9867311894,-122.481692301,37.9870463757,"11","32 ROBINHOOD DR,San Rafael,CA,94901",6041
"2623029013","12929 Osborne St","Hansen Hills","CA",91331,-118.414966096,34.2506076797,-118.415175623,34.2504229528,-118.414756575,34.2507923999,"0100","12929 Osborne St,Hansen Hills,CA,91331",6037
"013309505","933 N ACACIA AVE","Rialto","CA",92376,-117.361386472,34.1169704865,-117.361562018,34.1168499921,-117.361210984,34.117090969,"510","933 N ACACIA AVE,Rialto,CA,92376",6071
"6134028007","2005 N Keene Ave",NA,"CA",90059,-118.257433855,33.9105410481,-118.25759908,33.9104716438,-118.257268629,33.9106104524,"0100","2005 N Keene Ave,NA,CA,90059",6037
"007111011000","2308 LAS FLORES DR","Napa","CA",94558,-122.326287784,38.3311998679,-122.326472168,38.3310405363,-122.326103157,38.331358779,"111","2308 LAS FLORES DR,Napa,CA,94558",6055
"2266305500","560 BUTTERWOOD AVE","San Marcos","CA",92069,-117.125235098,33.1437243329,-117.125416533,33.1435802079,-117.125076116,33.1438680862,NA,"560 BUTTERWOOD AVE,San Marcos,CA,92069",6073
"016440030","459 EFFIE CT","Brentwood","CA",94513,-121.688429217,37.9406725841,-121.688543828,37.9405205775,-121.688314607,37.9408245904,NA,"459 EFFIE CT,Brentwood,CA,94513",6013
"38654008","12385 DE SANKA AVE","Saratoga","CA",95070,-122.027045108,37.2881612405,-122.027371153,37.287914085,-122.026716411,37.288424162,NA,"12385 DE SANKA AVE,Saratoga,CA,95070",6085
"4128004039","9312 Glasgow Pl","Los Angeles","CA",90045,-118.371194692,33.9514403097,-118.371395917,33.9512827532,-118.37099609,33.9515997346,"0500","9312 Glasgow Pl,Los Angeles,CA,90045",6037
"053033023","3057 S Higuera St","San Luis Obispo","CA",93401,-120.666567859,35.2598983278,-120.666693446,35.2598166181,-120.666442914,35.2599788312,NA,"3057 S Higuera St,San Luis Obispo,CA,93401",6079
"5592005032","3715 Shannon Rd",NA,"CA",90027,-118.276445018,34.1196710221,-118.276821609,34.1194249995,-118.276099788,34.1198291818,"0100","3715 Shannon Rd,NA,CA,90027",6037
"2606009019","12135 Elnora Pl","Granada Hills","CA",91344,-118.509796534,34.2910905523,-118.510028366,34.2909403551,-118.509564663,34.2912407547,"0101","12135 Elnora Pl,Granada Hills,CA,91344",6037
"004581012000","583 WEBBER ST","Napa","CA",94559,-122.298906531,38.2823086699,-122.299110123,38.2821474012,-122.298750503,38.2825143593,"212","583 WEBBER ST,Napa,CA,94559",6055
"24513013","2232 EMERALD HILLS CIR","San Jose","CA",95131,-121.870380435,37.3899824393,-121.870547509,37.3898464551,-121.87021484,37.3901167294,NA,"2232 EMERALD HILLS CIR,San Jose,CA,95131",6085
"69207053","203 BENBOW AVE","San Jose","CA",95123,-121.810180493,37.2462243679,-121.810267812,37.2460815359,-121.8100903,37.2463689381,NA,"203 BENBOW AVE,San Jose,CA,95123",6085
"5377007007","2880 San Pasqual St","Pasadena","CA",91107,-118.090852052,34.1375356133,-118.090980681,34.1373186848,-118.09072301,34.1377535553,"0100","2880 San Pasqual St,Pasadena,CA,91107",6037
"2300940500","651 E VALLEY PKWY","Escondido","CA",92025,-117.074171309,33.1269543634,-117.074273595,33.1268524616,-117.07406381,33.1270630933,NA,"651 E VALLEY PKWY,Escondido,CA,92025",6073
"126-600-018","3932 S WEST ST","Visalia","CA",93277,-119.295818348,36.2948034262,-119.296009596,36.2947144966,-119.295627125,36.2948923591,NA,"3932 S WEST ST,Visalia,CA,93277",6107
"4258001048","2560 S Barrington Ave","Los Angeles","CA",90064,-118.442303121,34.0278312629,-118.442572496,34.0275986151,-118.442033743,34.0280639406,"0500","2560 S Barrington Ave,Los Angeles,CA,90064",6037
"3471313678","7405 CHARMANT DR","San Diego","CA",92122,-117.228144165,32.8645549529,-117.229243701,32.8636909461,-117.227092242,32.8654755579,NA,"7405 CHARMANT DR,San Diego,CA,92122",6073
"8517025026","701 E Palm Ave","Monrovia","CA",91016,-117.99056051,34.1498480095,-117.99064529,34.1496557861,-117.99047492,34.1500408319,"0200","701 E Palm Ave,Monrovia,CA,91016",6037
"5174009029","300 Echandia St","Los Angeles","CA",90033,-118.219609836,34.0500043688,-118.219791808,34.0498833498,-118.219428068,34.0501248472,"0400","300 Echandia St,Los Angeles,CA,90033",6037
"7738310637","8301 MISSION GORGE RD","Santee","CA",92071,-117.01729387,32.8342867667,-117.020430899,32.8325801163,-117.013334715,32.8357849456,NA,"8301 MISSION GORGE RD,Santee,CA,92071",6073
"4369039023","10851 Portofino Pl","Los Angeles","CA",90077,-118.458338909,34.096914321,-118.45865108,34.0967820583,-118.457988734,34.0971106797,"0100","10851 Portofino Pl,Los Angeles,CA,90077",6037
"3152023300","12880 PRAIRIE DOG AVE","San Diego","CA",92129,-117.137893464,32.9556844017,-117.138029769,32.9555316755,-117.137760089,32.9558375357,NA,"12880 PRAIRIE DOG AVE,San Diego,CA,92129",6073
"48132027","5553 E ATCHISON ST","FRESNO","CA",93727,-119.701813827,36.7205873442,-119.701917793,36.7204491951,-119.701709745,36.7207254939,"11","5553 E ATCHISON ST,FRESNO,CA,93727",6019
"7145028013","3439 California Ave","Long Beach","CA",90807,-118.180933138,33.8196137443,-118.181099921,33.8195467683,-118.180765116,33.8196819595,"0100","3439 California Ave,Long Beach,CA,90807",6037
"50339204","612 BEVERLY DR","Arcata","CA",95521,-124.065916996,40.8615923564,-124.06624025,40.8614671449,-124.065591331,40.8617180516,"CITY OF AR","612 BEVERLY DR,Arcata,CA,95521",6023
"8222008037","2329 Jurado Ave","Hacienda Heights","CA",91745,-117.979001773,33.9953438556,-117.979253046,33.995175663,-117.978767526,33.995506968,"0100","2329 Jurado Ave,Hacienda Heights,CA,91745",6037
"34012009","4006 NORTHWOOD DR","Murphys","CA",95247,-120.402808619,38.175987217,-120.403316591,38.1757480541,-120.40219738,38.1762552629,"1100","4006 NORTHWOOD DR,Murphys,CA,95247",6009
"110015629","7951 ETIWANDA AVE","Etiwanda","CA",91739,-117.522917976,34.1091687291,-117.523000721,34.1091409246,-117.522835232,34.1091965335,"530","7951 ETIWANDA AVE,Etiwanda,CA,91739",6071
"37303057","6400 EDGEMOOR WAY","San Jose","CA",95129,-122.016915387,37.3047981911,-122.017029722,37.304648748,-122.016799905,37.3049487943,NA,"6400 EDGEMOOR WAY,San Jose,CA,95129",6085
"6451602000","581 MARSH HARBOR DR","San Diego","CA",92154,-117.02756359,32.5844288394,-117.027721005,32.5843519346,-117.027408709,32.5845038273,NA,"581 MARSH HARBOR DR,San Diego,CA,92154",6073
"5791912600","621 LA PRESA AVE","Spring Valley","CA",91977,-116.992989975,32.7084301072,-116.993161889,32.7082897941,-116.992818877,32.7085681328,NA,"621 LA PRESA AVE,Spring Valley,CA,91977",6073
"033-050-04","1411 CASA BUENA DR","Corte Madera","CA",94925,-122.512342024,37.9159530698,-122.51241695,37.9159118562,-122.512266919,37.9159939754,"14","1411 CASA BUENA DR,Corte Madera,CA,94925",6041
"5381008002","6735 N Muscatel Ave","San Gabriel","CA",91775,-118.079949097,34.1209092303,-118.08008629,34.1207839457,-118.079790414,34.1210355863,"0100","6735 N Muscatel Ave,San Gabriel,CA,91775",6037
"2982130837","535 S HIGHWAY 101","Solana Beach","CA",92075,-117.270684642,32.9847288432,-117.271319754,32.9843431964,-117.270093386,32.9851787936,NA,"535 S HIGHWAY 101,Solana Beach,CA,92075",6073
"11905900810000","5001 OPAL CREEK CT","Elk Grove","CA",95758,-121.44636048,38.430742344,-121.446584418,38.4305821565,-121.446088558,38.4309223342,NA,"5001 OPAL CREEK CT,Elk Grove,CA,95758",6067
"012815149","1101 W RIALTO AVE","Rialto","CA",92376,-117.391946251,34.0987857237,-117.392507067,34.0982075112,-117.391385532,34.0993634101,"101","1101 W RIALTO AVE,Rialto,CA,92376",6071
"2826142066","25608 Via Ventana","Valencia","CA",91381,-118.583889203,34.4064389774,-118.584292197,34.4050646172,-118.582981063,34.4066053877,"010D","25608 Via Ventana,Valencia,CA,91381",6037
"3005008014","40051  13th St W","City Ranch","CA",93551,-118.154922407,34.6105368331,-118.155478354,34.6100712292,-118.154367031,34.6110037872,"0100","40051  13th St W,City Ranch,CA,93551",6037
"035 460 20","731 WAXWING PL","Davis","CA",95616,-121.757639344,38.5742910275,-121.757775551,38.5740970294,-121.757492279,38.5744441738,NA,"731 WAXWING PL,Davis,CA,95616",6113
"309340118","12650 HICKORY AVE","Spg Valley Lk","CA",92395,-117.318075977,34.4809359024,-117.318414386,34.4806530492,-117.317737567,34.4812187554,"510","12650 HICKORY AVE,Spg Valley Lk,CA,92395",6071
"7329047128","23313 Colony Park Dr","Carson","CA",90745,-118.264830234,33.8134559497,-118.265029544,33.8133458208,-118.264624468,33.8135665422,"010C","23313 Colony Park Dr,Carson,CA,90745",6037
"57709113S","1610 E FOX GLEN GLN","FRESNO","CA",93730,-119.754826067,36.8860544684,-119.75496683,36.8858952321,-119.754685295,36.886213737,"11","1610 E FOX GLEN GLN,FRESNO,CA,93730",6019
"022090022000","3047 SAINT HELENA HWY N","Saint Helena","CA",94574,-122.502300247,38.5250532493,-122.503480248,38.5239552903,-122.501138582,38.5261581273,"32","3047 SAINT HELENA HWY N,Saint Helena,CA,94574",6055
"037-511-08","2601 WILLOWBROOK LN","Aptos","CA",95003,-121.934740514,36.9846064041,-121.934809338,36.9845471725,-121.934672348,36.9846554528,"021","2601 WILLOWBROOK LN,Aptos,CA,95003",6087
"13218900780000","9748 COLLIE WAY","Elk Grove","CA",95757,-121.415368105,38.403388916,-121.415552102,38.4033094948,-121.415184108,38.4034683367,NA,"9748 COLLIE WAY,Elk Grove,CA,95757",6067
"1710332055","649 BUENOS TIEMPOS DR","Camarillo","CA",93012,-119.004556806,34.2226898041,-119.004811668,34.2225519233,-119.004301278,34.2228278225,NA,"649 BUENOS TIEMPOS DR,Camarillo,CA,93012",6111
"1657014225","3325 GENOA WAY","Oceanside","CA",92056,-117.309231528,33.1883240523,-117.309721351,33.1877637769,-117.308614686,33.1891161663,NA,"3325 GENOA WAY,Oceanside,CA,92056",6073
"5020010019","4331 S Budlong Ave","Los Angeles","CA",90037,-118.296195067,34.004539988,-118.29641286,34.0044844041,-118.295977292,34.0045955582,"0100","4331 S Budlong Ave,Los Angeles,CA,90037",6037
"6357003035","6785 Danielson Ct","Commerce","CA",90040,-118.137468658,33.9762982684,-118.137703757,33.976158163,-118.137195021,33.9764094568,"0101","6785 Danielson Ct,Commerce,CA,90040",6037
"454021163","1363 GARLOCK ST","Ridgecrest","CA",93555,-117.702445861,35.6460335613,-117.702722207,35.6458204152,-117.702169674,35.6462465649,"0181","1363 GARLOCK ST,Ridgecrest,CA,93555",6029
"501 182201200","38153 ACACIA CT","Fremont","CA",94536,-121.985301807,37.5627110631,-121.985513137,37.5626020797,-121.985041188,37.5627904991,"1100","38153 ACACIA CT,Fremont,CA,94536",6001
"2562421000","906 EOLUS AVE","Encinitas","CA",92024,-117.29489818,33.0656951689,-117.295400639,33.0654905311,-117.294396859,33.0658993151,NA,"906 EOLUS AVE,Encinitas,CA,92024",6073
"08110103","1634 SKYLINE DR","S Lake Tahoe","CA",96150,-120.001887343,38.8668563751,-120.002265104,38.8665965629,-120.001540287,38.8671108,"11","1634 SKYLINE DR,S Lake Tahoe,CA,96150",6017
"053260049000","31817 OLIVE ORCHARD RD","Raymond","CA",93653,-119.925100221,37.2118912862,-119.929915548,37.2090472494,-119.920522051,37.21388201,"PBX5","31817 OLIVE ORCHARD RD,Raymond,CA,93653",6039
"106201120","8263 JENNET ST","Alta Loma","CA",91701,-117.62628459,34.1495415003,-117.626440453,34.1492454459,-117.62612871,34.1498374271,"510","8263 JENNET ST,Alta Loma,CA,91701",6071
"045 702 17","3229 LONG ISLAND ST","West Sacramento","CA",95691,-121.576601672,38.5385846834,-121.576872292,38.5383805767,-121.576368451,38.5387913333,NA,"3229 LONG ISLAND ST,West Sacramento,CA,95691",6113
"338-400-071-000","413 SNAPDRAGON LN","Lincoln","CA",95648,-121.270470191,38.8774605635,-121.270648117,38.8772890229,-121.270240608,38.8776313996,"01","413 SNAPDRAGON LN,Lincoln,CA,95648",6061
"0261009000","17214 HEAVENLY PL","Grass Valley","CA",95949,-121.156355525,39.1464948986,-121.157301642,39.1446424941,-121.155363112,39.1482764905,NA,"17214 HEAVENLY PL,Grass Valley,CA,95949",6057
"498052117","7916 COLD SPRINGS CT","Bakersfield","CA",93313,-119.090626686,35.3041915883,-119.090717256,35.3040459577,-119.090536116,35.3043372181,"0101","7916 COLD SPRINGS CT,Bakersfield,CA,93313",6029
"2371920300","711 E 17TH AVE","Escondido","CA",92025,-117.059529724,33.1085899102,-117.059758395,33.1083810224,-117.05920097,33.1088412976,NA,"711 E 17TH AVE,Escondido,CA,92025",6073
"006-163-24","52 ANCHO VISTA AVE","San Anselmo","CA",94960,-122.557423875,37.9779050319,-122.557623673,37.9777213968,-122.557225482,37.978151286,"10","52 ANCHO VISTA AVE,San Anselmo,CA,94960",6041
"906505008","42142 WAGON WHEEL LN","Murrieta","CA",92562,-117.231674803,33.5660344153,-117.231964381,33.5657930142,-117.231415104,33.5662764858,NA,"42142 WAGON WHEEL LN,Murrieta,CA,92562",6065
"2068007010","4625 Park Mirasol","Calabasas","CA",91302,-118.637832109,34.1528394916,-118.637956569,34.1527061429,-118.637682154,34.152992912,"010D","4625 Park Mirasol,Calabasas,CA,91302",6037
"5366023003","328 Segovia Ave","San Gabriel","CA",91775,-118.101621591,34.1074705567,-118.101828283,34.1074012646,-118.101414097,34.107539937,"0100","328 Segovia Ave,San Gabriel,CA,91775",6037
"27200901040000","2949 PARAGON WAY","Carmichael","CA",95608,-121.343260809,38.6197535478,-121.34346307,38.6195708859,-121.343138524,38.6198724756,NA,"2949 PARAGON WAY,Carmichael,CA,95608",6067
"848171025","370 S 6TH ST","Blythe","CA",92225,-114.588676146,33.6054117295,-114.588845597,33.6053239913,-114.58850687,33.6054993695,NA,"370 S 6TH ST,Blythe,CA,92225",6065
"011430057","539 HALF MOON CT","Discovery Bay","CA",94505,-121.617025344,37.911152623,-121.617283213,37.9110432998,-121.616816026,37.9112654225,NA,"539 HALF MOON CT,Discovery Bay,CA,94505",6013
"085 630502400","18769 E CAVENDISH DR","Castro Valley","CA",94552,-122.049821538,37.7113639878,-122.050062679,37.7111961209,-122.049582552,37.7115329354,"1100","18769 E CAVENDISH DR,Castro Valley,CA,94552",6001
"028129128","1965 COULSTON ST","Loma Linda","CA",92354,-117.24554456,34.0682134905,-117.245585858,34.0681434098,-117.245503262,34.0682835719,"530","1965 COULSTON ST,Loma Linda,CA,92354",6071
"060-270-082","7906 BELLA VISTA DR","Freestone","CA",95472,-122.84176596,38.4076254601,-122.841940704,38.40748831,-122.841586567,38.4077998447,NA,"7906 BELLA VISTA DR,Freestone,CA,95472",6097
"04902230010000","7556 MEADOWAIR WAY","Sacramento","CA",95822,-121.475264738,38.4837969999,-121.475497458,38.4836604913,-121.475024047,38.4839629602,NA,"7556 MEADOWAIR WAY,Sacramento,CA,95822",6067
"622340021","40840 AVENIDA ROSARIO","Palm Desert","CA",92260,-116.381597734,33.7516138065,-116.381829209,33.7515136664,-116.381366292,33.7517139512,NA,"40840 AVENIDA ROSARIO,Palm Desert,CA,92260",6065
"606360045","80230 ROYAL BIRKDALE DR","Chiriaco Smt","CA",92201,-116.259929257,33.7228716989,-116.260036098,33.7227236117,-116.259813034,33.7230130125,NA,"80230 ROYAL BIRKDALE DR,Chiriaco Smt,CA,92201",6065
"1810152075","831 DAFFODIL WAY","Oxnard","CA",93030,-119.20661513,34.2112791301,-119.20679229,34.2111461722,-119.206409974,34.2113780188,NA,"831 DAFFODIL WAY,Oxnard,CA,93030",6111
"135184014","3655 MAPLELEAF DR","Riverside","CA",92503,-117.502112071,33.8855098291,-117.502302748,33.8853245755,-117.501911788,33.8856920604,NA,"3655 MAPLELEAF DR,Riverside,CA,92503",6065
"015464303","4019 ACRE LN","Arrowhead Farms","CA",92407,-117.292567963,34.165246218,-117.292827626,34.1650693077,-117.292305132,34.165423352,"600","4019 ACRE LN,Arrowhead Farms,CA,92407",6071
"26300910190000","661 ACACIA AVE","Sacramento","CA",95815,-121.450483651,38.6209378471,-121.450600281,38.6207565292,-121.450345387,38.621128546,NA,"661 ACACIA AVE,Sacramento,CA,95815",6067
"4261014013","1723 Colby Ave","Los Angeles","CA",90025,-118.450905398,34.0423316826,-118.451137426,34.0421758656,-118.450674042,34.0424878745,"0200","1723 Colby Ave,Los Angeles,CA,90025",6037
"7376020019","24818 Woodward Ave","Lomita","CA",90717,-118.318684423,33.799054364,-118.318779437,33.7989348465,-118.318589644,33.7991739555,"0200","24818 Woodward Ave,Lomita,CA,90717",6037
"5093101000","2426 SUNCREST BLVD","El Cajon","CA",92021,-116.869628727,32.8018049063,-116.87006623,32.8015134071,-116.869131477,32.8020809351,NA,"2426 SUNCREST BLVD,El Cajon,CA,92021",6073
"060-121-11","8 BRITTON AVE","Bel Tiburon","CA",94920,-122.47233085,37.8751194388,-122.472756956,37.8748138606,-122.47192177,37.8754247665,"11","8 BRITTON AVE,Bel Tiburon,CA,94920",6041
"037274065","410 AUSTIN ST","Delano","CA",93215,-119.255593253,35.7618461966,-119.255816376,35.7617466053,-119.255370128,35.7619457807,"0201","410 AUSTIN ST,Delano,CA,93215",6029
"2354003500","1400 S HALE AVE","Escondido","CA",92029,-117.110917293,33.1053609712,-117.111180891,33.1051676286,-117.110654262,33.1055532531,NA,"1400 S HALE AVE,Escondido,CA,92029",6073
"04613123","5553 STREAM WAY","Fair Play","CA",95684,-120.735035848,38.6150564642,-120.735297449,38.6149319063,-120.734752499,38.6152008152,"00","5553 STREAM WAY,Fair Play,CA,95684",6017
"58617026","3356 ISADORA DR","San Jose","CA",95132,-121.854255028,37.4107176576,-121.85443322,37.4105620203,-121.854054826,37.4108861137,NA,"3356 ISADORA DR,San Jose,CA,95132",6085
"22404120120000","8243 LONGDEN CIR","Citrus Heights","CA",95610,-121.246803602,38.7176252588,-121.246990132,38.7175303248,-121.24661696,38.7177203069,NA,"8243 LONGDEN CIR,Citrus Heights,CA,95610",6067
"670153008","31495 SAN ARDO AVE","Cathedral City","CA",92234,-116.455503288,33.8197598954,-116.45569291,33.8196586833,-116.455310294,33.8198595923,NA,"31495 SAN ARDO AVE,Cathedral City,CA,92234",6065
"5482006015","6112 Poppy Peak Dr","Highland Park","CA",90042,-118.187040048,34.1281337393,-118.187281754,34.1280159172,-118.18680027,34.1282517856,"1210","6112 Poppy Peak Dr,Highland Park,CA,90042",6037
"160-174-14","487 CALLE DE LA MESA","Novato","CA",94949,-122.550765728,38.0678460171,-122.55095103,38.0676746522,-122.550584631,38.0680172675,"11","487 CALLE DE LA MESA,Novato,CA,94949",6041
"020-145-051-000","1040 KILAGA SPRINGS RD","Lincoln","CA",95648,-121.264559416,38.9698876311,-121.265388312,38.9695442882,-121.263725918,38.9702326117,"01","1040 KILAGA SPRINGS RD,Lincoln,CA,95648",6061
"014050010000","6230 4TH AVE","Hanford","CA",93230,-119.533340123,36.3831181848,-119.537633402,36.3793313991,-119.529038532,36.3868771085,"1530","6230 4TH AVE,Hanford,CA,93230",6031
"962530024","46422 DURANGO DR",NA,NA,92592,-117.091657203,33.4548126167,-117.091892172,33.4546273039,-117.091427652,33.4549959158,NA,"46422 DURANGO DR,NA,NA,92592",6065
"111197016","3101 HACIENDA DR","Concord","CA",94519,-122.02436397,37.9850674276,-122.024560592,37.9849340791,-122.024167364,37.9852006107,NA,"3101 HACIENDA DR,Concord,CA,94519",6013
"3023055083","37443 Park Forest Ct","Palmdale","CA",93552,-118.026804508,34.5625302431,-118.026962037,34.5624334867,-118.026646358,34.5626263981,"0100","37443 Park Forest Ct,Palmdale,CA,93552",6037
"7267010013","1441 E 10th St","Long Beach","CA",90813,-118.173257371,33.7792472155,-118.173319262,33.7790547887,-118.173195476,33.77943965,"0400","1441 E 10th St,Long Beach,CA,90813",6037
"2234012006","6425 Firmament Ave","Van Nuys","CA",91406,-118.472134927,34.1874828459,-118.472308151,34.1873962148,-118.471961697,34.1875695371,"0100","6425 Firmament Ave,Van Nuys,CA,91406",6037
"32311014","525 S CASTLEROCK TER","Sunnyvale","CA",94087,-122.033468525,37.3471613377,-122.033575967,37.3471066858,-122.033360651,37.3472404894,NA,"525 S CASTLEROCK TER,Sunnyvale,CA,94087",6085
"092130021000","43120 RANGER CIRCLE DR","Coarsegold","CA",93614,-119.758746021,37.2029158362,-119.759329659,37.2024552026,-119.758123222,37.2034597236,"RAXX","43120 RANGER CIRCLE DR,Coarsegold,CA,93614",6039
"2256921900","1407 LISA WAY","Escondido","CA",92027,-117.06391399,33.152862439,-117.06408237,33.1526243037,-117.063669164,33.1530417117,NA,"1407 LISA WAY,Escondido,CA,92027",6073
"11018025","766 LAKEWOOD DR","Sunnyvale","CA",94089,-122.003255821,37.3937320179,-122.00341271,37.3935490456,-122.003098972,37.393915133,NA,"766 LAKEWOOD DR,Sunnyvale,CA,94089",6085
"7186006002","6232 E Conant St","Long Beach","CA",90808,-118.110090858,33.8247805836,-118.110176996,33.8246424182,-118.110005103,33.8249193241,"0100","6232 E Conant St,Long Beach,CA,90808",6037
"212292035","525 SAN JOSE PL","San Ramon","CA",94583,-121.9446205,37.7522485347,-121.944826198,37.7520817582,-121.944410169,37.7524062234,NA,"525 SAN JOSE PL,San Ramon,CA,94583",6013
"7373005036","25438 Adamo Ave","Lomita","CA",90717,-118.323329302,33.7928074827,-118.323526441,33.7927399648,-118.323131802,33.7928746514,"0101","25438 Adamo Ave,Lomita,CA,90717",6037
"1056410800","1754 SAINT PETERS DR","Fallbrook","CA",92028,-117.225858774,33.3761332278,-117.22607423,33.3759423155,-117.225628778,33.3763677404,NA,"1754 SAINT PETERS DR,Fallbrook,CA,92028",6073
"5780016033","726 Tiffany Ter","Arcadia","CA",91006,-118.016281225,34.1284395241,-118.016591006,34.12834067,-118.016095363,34.1285825768,"0101","726 Tiffany Ter,Arcadia,CA,91006",6037
"13205800420000","2628 SNOWY EGRET WAY","Elk Grove","CA",95757,-121.4745655,38.3954595359,-121.474692069,38.3952936436,-121.474439187,38.395648306,NA,"2628 SNOWY EGRET WAY,Elk Grove,CA,95757",6067
"038291018","1429 9th St","Los Osos","CA",93402,-120.833622174,35.3255905241,-120.833832799,35.3255207943,-120.833411548,35.3256602538,NA,"1429 9th St,Los Osos,CA,93402",6079
"109-031-002","3019 Lancaster Dr","Santa Maria","CA",93455,-120.435421553,34.9049945469,-120.435612864,34.9048984106,-120.435230242,34.9050904684,"0100","3019 Lancaster Dr,Santa Maria,CA,93455",6083
"5069026016","1636 S Sierra Bonita Ave","Los Angeles","CA",90019,-118.360333488,34.0446223159,-118.360533922,34.0445118781,-118.360132632,34.0447328091,"0200","1636 S Sierra Bonita Ave,Los Angeles,CA,90019",6037
"8546031088","12701 Schabarum Ave","Baldwin Park","CA",91706,-117.996633787,34.0787163601,-117.997351966,34.0780893186,-117.995944149,34.0793070654,"1700","12701 Schabarum Ave,Baldwin Park,CA,91706",6037
"49455042","1219 BRANDYBUCK WAY","San Jose","CA",95121,-121.818842267,37.2997240495,-121.819038511,37.2995670219,-121.818632858,37.2998900362,NA,"1219 BRANDYBUCK WAY,San Jose,CA,95121",6085
"309249120","13166 NINTH AVE","Spg Valley Lk","CA",92395,-117.321470605,34.4901072478,-117.32162148,34.4900276519,-117.321319562,34.4901869346,"510","13166 NINTH AVE,Spg Valley Lk,CA,92395",6071
"3122110800","13867 BRUYERE CT","San Diego","CA",92129,-117.129224428,32.9703838285,-117.129472392,32.9701089996,-117.128983911,32.9706703851,NA,"13867 BRUYERE CT,San Diego,CA,92129",6073
"00400330270000","4300 ELVAS AVE","Sacramento","CA",95819,-121.44259215,38.5803959845,-121.44280893,38.5802297257,-121.442383856,38.5805274542,NA,"4300 ELVAS AVE,Sacramento,CA,95819",6067
"47756029","2265 DENAIR AVE","San Jose","CA",95122,-121.83703494,37.3188908276,-121.837228282,37.3187485292,-121.836841946,37.3190332231,NA,"2265 DENAIR AVE,San Jose,CA,95122",6085
"7024009032","12351 Cantrece Pl","Cerritos","CA",90703,-118.068572939,33.8627659626,-118.068673494,33.8626133488,-118.06844273,33.8628881241,"0100","12351 Cantrece Pl,Cerritos,CA,90703",6037
"5174018041","1835 E 2nd St","Los Angeles","CA",90033,-118.218442013,34.0461650677,-118.218623924,34.0459630924,-118.218260104,34.0463670507,"0100","1835 E 2nd St,Los Angeles,CA,90033",6037
"29441001","4140 STEVENS CREEK BLVD","San Jose","CA",95129,-121.975155303,37.3227205008,-121.975402187,37.3224501852,-121.974918996,37.3230029472,NA,"4140 STEVENS CREEK BLVD,San Jose,CA,95129",6085
"365-150-011-000","6431 WISP CT","Rocklin","CA",95765,-121.277404976,38.7963270505,-121.277627158,38.7962377602,-121.277207061,38.7964126552,"01","6431 WISP CT,Rocklin,CA,95765",6061
"32602031","22078 HIBISCUS DR","Cupertino","CA",95014,-122.061160794,37.3348490531,-122.061395901,37.3346146622,-122.060943258,37.3350650599,NA,"22078 HIBISCUS DR,Cupertino,CA,95014",6085
"2615009006","10905 Kester Ave","Mission Hills","CA",91345,-118.458648338,34.2678605871,-118.45882963,34.2676960961,-118.458452538,34.2680233851,"0100","10905 Kester Ave,Mission Hills,CA,91345",6037
"5376303700","1500 ORANGE AVE","Coronado","CA",92118,-117.178925001,32.6806007884,-117.181307822,32.6790519392,-117.177471771,32.6819670572,NA,"1500 ORANGE AVE,Coronado,CA,92118",6073
"3163000211","12632 SPRINGBROOK DR","San Diego","CA",92128,-117.08677112,32.9466745061,-117.087478544,32.9460830666,-117.085978686,32.9473210657,NA,"12632 SPRINGBROOK DR,San Diego,CA,92128",6073
"121-280-014","43345 BRUSHY RIDGE LOOP","Annapolis","CA",95412,-123.399005074,38.7441961741,-123.400751978,38.7412699651,-123.395816929,38.7482691338,NA,"43345 BRUSHY RIDGE LOOP,Annapolis,CA,95412",6097
"378313018","30170 CLEMENT ST","Lake Elsinore","CA",92530,-117.374385049,33.6906664275,-117.374591522,33.6905114013,-117.374178671,33.6908218379,NA,"30170 CLEMENT ST,Lake Elsinore,CA,92530",6065
"3090652900","8580 HYDRA LN","San Diego","CA",92126,-117.139093448,32.9208053006,-117.139180762,32.9206498647,-117.139004667,32.9209577608,NA,"8580 HYDRA LN,San Diego,CA,92126",6073
"7181010021","4700 Graywood Ave",NA,"CA",90808,-118.13796939,33.8433080363,-118.138086366,33.8431391318,-118.13785386,33.8434753206,"0104","4700 Graywood Ave,NA,CA,90808",6037
"223520050","3312 BARONS LN","San Ramon","CA",94582,-121.895406639,37.7480470605,-121.895569735,37.7479262905,-121.895243877,37.7481676646,NA,"3312 BARONS LN,San Ramon,CA,94582",6013
"005-211-011","843 WOOD LN","Petaluma","CA",94954,-122.615786822,38.2378232449,-122.615966158,38.2376620469,-122.615623668,38.2379936807,NA,"843 WOOD LN,Petaluma,CA,94954",6097
"6349025017","644 S 4th St","Montebello","CA",90640,-118.108961309,33.9990809017,-118.109200001,33.9989316913,-118.108722606,33.9992300414,"0200","644 S 4th St,Montebello,CA,90640",6037
"20904700180000","8028 CORNERSTONE WAY","Citrus Heights","CA",95621,-121.311878879,38.7122368008,-121.312098711,38.7121352058,-121.31168178,38.7123514675,NA,"8028 CORNERSTONE WAY,Citrus Heights,CA,95621",6067
"11707101","5175 HILLSDALE CIR","El Dorado Hills","CA",95762,-121.058677091,38.6213251468,-121.059187019,38.6211009312,-121.058168548,38.6215498301,"41","5175 HILLSDALE CIR,El Dorado Hills,CA,95762",6017
"012284053","2579 Pinto Ln","Adelaide","CA",93446,-120.882563408,35.7197784593,-120.8827568,35.7195998691,-120.882376152,35.7199527929,NA,"2579 Pinto Ln,Adelaide,CA,93446",6079
"5012006002","3714 Homeland Dr","Baldwin Hills","CA",90008,-118.338943483,34.0029117482,-118.339147846,34.002759564,-118.338739056,34.0030640153,"0100","3714 Homeland Dr,Baldwin Hills,CA,90008",6037
"2791602700","535 PILE ST","Ramona","CA",92065,-116.849807137,33.068399167,-116.850444086,33.067927664,-116.849475562,33.0692433296,NA,"535 PILE ST,Ramona,CA,92065",6073
"4247003013","3263 Wade St",NA,"CA",90066,-118.446898168,34.0129222035,-118.447075466,34.0127898112,-118.446695503,34.0130622829,"0100","3263 Wade St,NA,CA,90066",6037
"8664006006","4740 Chamber Ave","La Verne","CA",91750,-117.7831204,34.1233980389,-117.783289709,34.123283091,-117.782951267,34.1235126342,"0101","4740 Chamber Ave,La Verne,CA,91750",6037
"316141009","16780 BALTIC CT","Moreno Valley","CA",92551,-117.233817786,33.8772065307,-117.234036721,33.8769958621,-117.233616929,33.8773626667,NA,"16780 BALTIC CT,Moreno Valley,CA,92551",6065
"2839025019","28826 Shadyview Dr","Canyon Country","CA",91387,-118.426962181,34.4326454837,-118.427519845,34.43245299,-118.426348085,34.432902787,"010D","28826 Shadyview Dr,Canyon Country,CA,91387",6037
"021170070000","1232 MYRTLE CT","Lemoore","CA",93245,-119.770383828,36.3170610991,-119.770707892,36.3168726356,-119.770056195,36.3171835598,"100","1232 MYRTLE CT,Lemoore,CA,93245",6031
"108172025","1110 OAK GROVE CIR","Corona","CA",92881,-117.557139703,33.832602988,-117.557347368,33.8324133472,-117.556927572,33.8327955854,NA,"1110 OAK GROVE CIR,Corona,CA,92881",6065
"290272004","10393 MOJESKA SUMMIT RD","Corona","CA",92883,-117.478351501,33.7641755537,-117.478470699,33.763990072,-117.478232113,33.7643626394,NA,"10393 MOJESKA SUMMIT RD,Corona,CA,92883",6065
"02365228S","15887 W MIDDLETON AVE","KERMAN","CA",93630,-120.07591527,36.7299258551,-120.076036348,36.7297831805,-120.075789197,36.730070487,"11","15887 W MIDDLETON AVE,KERMAN,CA,93630",6019
"8640013062","142 W Ronwood St",NA,"CA",91740,-117.86566711,34.120294927,-117.865851777,34.1201248545,-117.865482486,34.1204654728,"0100","142 W Ronwood St,NA,CA,91740",6037
"1630810300","653 ONLEY DR","Vista","CA",92083,-117.257139928,33.2085015617,-117.257330235,33.2083784047,-117.25694859,33.2086261354,NA,"653 ONLEY DR,Vista,CA,92083",6073
"284-322-004","31846 COUNTRY CLUB DR","Poplar","CA",93257,-118.862431191,36.101864276,-118.862646746,36.1016461225,-118.862246287,36.1020867752,NA,"31846 COUNTRY CLUB DR,Poplar,CA,93257",6107
"166320029","1959 MOHAWK DR",NA,NA,94549,-122.097693197,37.9436933578,-122.098017021,37.9435158309,-122.097386712,37.9438522121,NA,"1959 MOHAWK DR,NA,NA,94549",6013
"6734621700","5925 SALLISAW CT","San Diego","CA",92120,-117.064328171,32.7999453805,-117.064702008,32.7996708004,-117.063956999,32.8003338131,NA,"5925 SALLISAW CT,San Diego,CA,92120",6073
"033-211-06-1","630 WERNMARK DR","Red Bluff","CA",96080,-122.225105567,40.1634442854,-122.225352643,40.1633104035,-122.224832547,40.1635859671,"Y010","630 WERNMARK DR,Red Bluff,CA,96080",6103
"5140151200","758 GRANITE HILLS CIR","El Cajon","CA",92019,-116.932476266,32.7863579457,-116.932633938,32.7861542973,-116.932358381,32.786474284,NA,"758 GRANITE HILLS CIR,El Cajon,CA,92019",6073
"6378003008","9316 Mines Ave","Pico Rivera","CA",90660,-118.085256704,33.9892756683,-118.085419449,33.9890989268,-118.085093856,33.9894522426,"0100","9316 Mines Ave,Pico Rivera,CA,90660",6037
"039920531","18270 CATALPA ST","Hesperia","CA",92345,-117.264713529,34.46002323,-117.264882183,34.4597541413,-117.264544877,34.4602923172,"510","18270 CATALPA ST,Hesperia,CA,92345",6071
"253-027-009","38 W BELLEVIEW AVE","Poplar","CA",93257,-119.017288536,36.0752749372,-119.017373489,36.0750736358,-119.017203305,36.0754761862,NA,"38 W BELLEVIEW AVE,Poplar,CA,93257",6107
"175-291-001","745 W ALPINE AVE","Tulare","CA",93274,-119.357719194,36.1990978471,-119.357841182,36.198889759,-119.357597496,36.1993060269,NA,"745 W ALPINE AVE,Tulare,CA,93274",6107
"2806016024","19676 Newhouse St","Canyon Country","CA",91351,-118.480544955,34.4225922515,-118.480730906,34.4223934845,-118.480420243,34.4227835998,"0100","19676 Newhouse St,Canyon Country,CA,91351",6037
"2350001052","11536 Burbank Blvd","North Hollywood","CA",91601,-118.383597103,34.1718517623,-118.3837037,34.1716917771,-118.383488383,34.1720150975,"010C","11536 Burbank Blvd,North Hollywood,CA,91601",6037
"409041084","13124 APPALOOSA AVE","Bakersfield","CA",93314,-119.153192438,35.3675625639,-119.153402337,35.3671802058,-119.152982541,35.3679449212,"0100","13124 APPALOOSA AVE,Bakersfield,CA,93314",6029
"2293013032","16121 Sandy Ln","Encino","CA",91436,-118.484699738,34.1331021723,-118.484900714,34.1329257747,-118.484505341,34.1333100901,"0101","16121 Sandy Ln,Encino,CA,91436",6037
"215322005","3380 12TH ST","Riverside","CA",92501,-117.373620288,33.9758876859,-117.374113282,33.9753611781,-117.373157141,33.9763456607,NA,"3380 12TH ST,Riverside,CA,92501",6065
"034-273-11","1716 SOMMERFELD ST","Santa Cruz","CA",95062,-121.970239673,36.9741508175,-121.970457404,36.9740658474,-121.970024727,36.9742322994,"020","1716 SOMMERFELD ST,Santa Cruz,CA,95062",6087
"108312004","3252 WILLOW PARK DR","Corona","CA",92881,-117.543422421,33.832324673,-117.543622364,33.8322185536,-117.543222478,33.8324307923,NA,"3252 WILLOW PARK DR,Corona,CA,92881",6065
"2472021005","2809 N Glenoaks Blvd","Burbank","CA",91504,-118.334802852,34.2031454102,-118.334836831,34.2030347398,-118.334764819,34.2032756536,"1100","2809 N Glenoaks Blvd,Burbank,CA,91504",6037
"014086007000","15077 OAK AVE","Fiddletown",NA,95629,-120.738704068,38.5454826216,-120.73896956,38.5453628342,-120.738437911,38.5456345093,NA,"15077 OAK AVE,Fiddletown,NA,95629",6005
"8174017044","6037 Redman Ave","Los Nietos","CA",90606,-118.068376675,33.991444654,-118.06862039,33.9912638055,-118.068132626,33.9916257581,"0100","6037 Redman Ave,Los Nietos,CA,90606",6037
"051-570-010","3708 Greggory Way","Santa Barbara","CA",93105,-119.744621884,34.4359202356,-119.744717579,34.4358584268,-119.744524,34.4359833362,"0399","3708 Greggory Way,Santa Barbara,CA,93105",6083
"3023049031","37518 Sabal Ct","Palmdale","CA",93552,-118.033779858,34.5639057749,-118.033949963,34.5638153837,-118.03360967,34.5639961515,"0100","37518 Sabal Ct,Palmdale,CA,93552",6037
"31362061","773 S MILLARD AVE","FRESNO","CA",93727,-119.680759741,36.7262977279,-119.680950961,36.7262151242,-119.68056852,36.726380331,"11","773 S MILLARD AVE,FRESNO,CA,93727",6019
"2228020004","17533 Enadia Way","Van Nuys","CA",91406,-118.515453244,34.2003765732,-118.515542333,34.2002198643,-118.515359968,34.2005530954,"0100","17533 Enadia Way,Van Nuys,CA,91406",6037
"07220200470000","3352 ROMANO CT","Rancho Cordova","CA",95670,-121.276355724,38.5803485655,-121.276600273,38.5801899711,-121.276102668,38.58050463,NA,"3352 ROMANO CT,Rancho Cordova,CA,95670",6067
"6326010015","6708 King Ave","Bell","CA",90201,-118.184350291,33.9745416911,-118.18456329,33.9744609355,-118.184137712,33.9746221623,"0200","6708 King Ave,Bell,CA,90201",6037
"013130110","436 E CARTER ST","Rialto","CA",92376,-117.362937505,34.0910516229,-117.363061221,34.0909084299,-117.362812683,34.0911902538,"510","436 E CARTER ST,Rialto,CA,92376",6071
"040537181","14108 MISSION ST","Oak Hills","CA",92344,-117.354849908,34.3949728883,-117.355079884,34.3941051376,-117.354619459,34.3958396142,"510","14108 MISSION ST,Oak Hills,CA,92344",6071
"691710089","39721 CAMINO TEMPLADO",NA,NA,92203,-116.251010684,33.7604816051,-116.2512017,33.7603981178,-116.250819004,33.760565581,NA,"39721 CAMINO TEMPLADO,NA,NA,92203",6065
"8714006022","3315 Hawkwood Rd","Diamond Bar","CA",91765,-117.838512475,33.9667887541,-117.838718944,33.9666727584,-117.838288877,33.9669087634,"0101","3315 Hawkwood Rd,Diamond Bar,CA,91765",6037
"179-390-06","11 VILLAGE CIR","San Rafael","CA",94903,-122.527647797,37.9958170249,-122.527720817,37.9957920122,-122.527574776,37.9958420376,"14","11 VILLAGE CIR,San Rafael,CA,94903",6041
"4320007050","2231 Pelham Ave","Los Angeles","CA",90064,-118.426810096,34.0455366558,-118.427039236,34.045372689,-118.426580957,34.0457006266,"0101","2231 Pelham Ave,Los Angeles,CA,90064",6037
"177312001","2698 VERNOLA WAY","Riverside","CA",92509,-117.421102574,34.021568793,-117.421434404,34.0212993684,-117.420742211,34.021760751,NA,"2698 VERNOLA WAY,Riverside,CA,92509",6065
"86517020","16605 FINLEY RIDGE RD","Morgan Hill","CA",95037,-121.564085248,37.1518036441,-121.566593349,37.1486977773,-121.561492468,37.1540597658,NA,"16605 FINLEY RIDGE RD,Morgan Hill,CA,95037",6085
"07722316","434 PAR AV","Myers Flat",NA,95554,-123.825485771,40.118241848,-123.825720455,40.1180945493,-123.825251346,40.1183991235,"R-1","434 PAR AV,Myers Flat,NA,95554",6023
"5663022001","2831 Kennington Dr",NA,"CA",91206,-118.20773176,34.1650911463,-118.208007629,34.1649241196,-118.207528414,34.1652543994,"0100","2831 Kennington Dr,NA,CA,91206",6037
"5594028018","4066 Brunswick Ave",NA,"CA",90039,-118.267160437,34.126478262,-118.267361529,34.1263407326,-118.266959314,34.1266157586,"0100","4066 Brunswick Ave,NA,CA,90039",6037
"5752003029","3230 Primavera St","Pasadena","CA",91107,-118.084030603,34.1601679979,-118.084131294,34.1599681046,-118.083929916,34.1603679182,"0100","3230 Primavera St,Pasadena,CA,91107",6037
"42835010","4136 E ASHCROFT AVE","FRESNO","CA",93726,-119.755768652,36.7979338883,-119.755883112,36.7977383404,-119.755669409,36.7981921735,"11","4136 E ASHCROFT AVE,FRESNO,CA,93726",6019
"180-181-31","269 N SAN PEDRO RD","San Rafael","CA",94903,-122.52015639,38.0051894587,-122.520463126,38.0050091504,-122.519839621,38.0053743469,"11","269 N SAN PEDRO RD,San Rafael,CA,94903",6041
"120-170-026","9520 FRANZ VALLEY SCHOOL RD","Calistoga","CA",94515,-122.644828237,38.579520971,-122.646309127,38.577711885,-122.643393499,38.5818862642,NA,"9520 FRANZ VALLEY SCHOOL RD,Calistoga,CA,94515",6097
"5371401900","816 SAN LUIS REY AVE","Coronado","CA",92118,-117.172105741,32.6853817545,-117.172304782,32.6852353002,-117.171912664,32.6855245094,NA,"816 SAN LUIS REY AVE,Coronado,CA,92118",6073
"006-470-029","896 RUTH CT","Petaluma","CA",94952,-122.658558438,38.2364142196,-122.65888015,38.2361662613,-122.658174591,38.2366458094,NA,"896 RUTH CT,Petaluma,CA,94952",6097
"010033011000","9201 N ROCHESTER AVE","Delhi","CA",95315,-120.788265019,37.4226318027,-120.788436566,37.4225618786,-120.788093171,37.4227016886,"101","9201 N ROCHESTER AVE,Delhi,CA,95315",6047
"28200750020000","5004 BOYD DR","Carmichael","CA",95608,-121.347077357,38.6066133856,-121.347200659,38.6064192135,-121.346954101,38.6068073197,NA,"5004 BOYD DR,Carmichael,CA,95608",6067
"4015020000","14416 DONNINGTON LN","Truckee","CA",96161,-120.108593436,39.3501940698,-120.108857148,39.3499934506,-120.108263368,39.3503877214,NA,"14416 DONNINGTON LN,Truckee,CA,96161",6057
"33151417","4786 PATTERSON DR","Diamond Spgs","CA",95619,-120.827039693,38.6755006152,-120.827328446,38.675255643,-120.826690493,38.6757884179,"11","4786 PATTERSON DR,Diamond Spgs,CA,95619",6017
"5063001006","1917 S Redondo Blvd","Los Angeles","CA",90016,-118.353272795,34.0406087634,-118.353403203,34.0404924862,-118.353123825,34.0407214291,"0100","1917 S Redondo Blvd,Los Angeles,CA,90016",6037
"470-082-014-000","1186 GREEN HILL DR","Roseville","CA",95661,-121.269512784,38.7306840732,-121.269688569,38.7306313026,-121.269337,38.7307368284,"01","1186 GREEN HILL DR,Roseville,CA,95661",6061
"5474037021","1324 N Avenue 45",NA,"CA",90041,-118.217290982,34.1199140063,-118.217778322,34.1196735548,-118.216747456,34.1201222069,"0101","1324 N Avenue 45,NA,CA,90041",6037
"142-300-053","10 SAINT MATHEWS CT","Sonoma","CA",95476,-122.486929834,38.2638129324,-122.487161916,38.2636835864,-122.486732144,38.2639775997,NA,"10 SAINT MATHEWS CT,Sonoma,CA,95476",6097
"507372015","562 N MONTEREY RD","Palm Springs","CA",92262,-116.518812879,33.8315805254,-116.518964901,33.8314244777,-116.518660673,33.8317368383,NA,"562 N MONTEREY RD,Palm Springs,CA,92262",6065
"2605021026","11516 Woodley Ave","Granada Hills","CA",91344,-118.484485458,34.2797820435,-118.484645109,34.2796247475,-118.484303985,34.2799560773,"0100","11516 Woodley Ave,Granada Hills,CA,91344",6037
"4211019009","6817 Altamor Dr","Los Angeles","CA",90045,-118.409887708,33.9750982555,-118.409991446,33.9749275579,-118.409789767,33.9752620821,"0100","6817 Altamor Dr,Los Angeles,CA,90045",6037
"3193310100","12116 CHARBONO ST","San Diego","CA",92131,-117.071128998,32.9194613124,-117.071399342,32.9192103652,-117.070968214,32.9197582934,NA,"12116 CHARBONO ST,San Diego,CA,92131",6073
"043528201","26072 LARAMIE ST","Apple Valley","CA",92308,-117.095073989,34.4252831122,-117.095629335,34.4248689175,-117.094519109,34.4256972023,"510","26072 LARAMIE ST,Apple Valley,CA,92308",6071
"472373190","2148 KENYON CT","Rosamond","CA",93560,-118.196672165,34.8518984281,-118.196879067,34.8517800619,-118.196406631,34.8519993357,"0101","2148 KENYON CT,Rosamond,CA,93560",6029
"034320040","4911 WINCHESTER DR","Oakley","CA",94561,-121.726966276,37.9815322182,-121.727097601,37.9813410179,-121.726769745,37.9816883731,NA,"4911 WINCHESTER DR,Oakley,CA,94561",6013
"3953010100","13606 CHOISSER LN","Lakeside","CA",92040,-116.900856296,32.8588511123,-116.901036014,32.8586585181,-116.900650535,32.8590269026,NA,"13606 CHOISSER LN,Lakeside,CA,92040",6073
"11511800060000","8201 SUMMER SUNSET DR","Sacramento","CA",95828,-121.404009964,38.4706031577,-121.40410962,38.4704562183,-121.403910237,38.4707497761,NA,"8201 SUMMER SUNSET DR,Sacramento,CA,95828",6067
"324052018","29541 MARINA CT","Tehachapi","CA",93561,-118.655689086,35.1612558933,-118.656010133,35.1609777602,-118.655426171,35.1614789263,"0106","29541 MARINA CT,Tehachapi,CA,93561",6029
"408021008","4400 MCGLOTHEN WAY","Hilltop Mall","CA",94806,-122.352948007,37.9872813602,-122.35311784,37.9871840854,-122.352778197,37.9873787314,NA,"4400 MCGLOTHEN WAY,Hilltop Mall,CA,94806",6013
"12050101","4154 ALTA SIERRA WAY","El Dorado Hills","CA",95762,-121.085270892,38.6615679701,-121.085546743,38.6614390979,-121.085014596,38.6616922915,"11","4154 ALTA SIERRA WAY,El Dorado Hills,CA,95762",6017
"4159013059","1914 Speyer Ln",NA,"CA",90278,-118.377715064,33.8621555602,-118.377797925,33.8619492567,-118.3776322,33.8623618358,"010C","1914 Speyer Ln,NA,CA,90278",6037
"525272068","11018 CHAPPELLET CT","Bakersfield","CA",93312,-119.125599852,35.4147529407,-119.125719116,35.4146009058,-119.125480588,35.4149049758,"0101","11018 CHAPPELLET CT,Bakersfield,CA,93312",6029
"5253005010","835 De La Fuente St","Monterey Park","CA",91754,-118.139321521,34.05135733,-118.1395424,34.0512103955,-118.139100395,34.0515045496,"0100","835 De La Fuente St,Monterey Park,CA,91754",6037
"2801017033","19819 Ermine St","Canyon Country","CA",91351,-118.482461653,34.4358702381,-118.482624378,34.4356872959,-118.482298976,34.436052689,"0100","19819 Ermine St,Canyon Country,CA,91351",6037
"2650010017","14827 Stassen St","North Hills","CA",91343,-118.455817248,34.2452203726,-118.455918189,34.2450479662,-118.455716292,34.2453927521,"0100","14827 Stassen St,North Hills,CA,91343",6037
"009320119000","1733 DALI WAY","Hanford","CA",93230,-119.673467443,36.3548508558,-119.673560564,36.3547584947,-119.673372184,36.3549451437,"100","1733 DALI WAY,Hanford,CA,93230",6031
"001163022000","2488 PACIFIC ST","Napa","CA",94558,-122.301465447,38.3089404672,-122.301683861,38.3088301208,-122.301245647,38.3090501228,"11","2488 PACIFIC ST,Napa,CA,94558",6055
"7723109513","211 N CITRUS AVE","Escondido","CA",92027,-117.044673901,33.1376698243,-117.04705286,33.1360117144,-117.042283302,33.1393150467,NA,"211 N CITRUS AVE,Escondido,CA,92027",6073
"543 041611400","3200 SANDERLING DR","Fremont","CA",94555,-122.045838829,37.5860964372,-122.046055003,37.5858841969,-122.045650157,37.5862826223,"1800","3200 SANDERLING DR,Fremont,CA,94555",6001
"433500018","1264 TRUTH ST","Gilman Hot Springs","CA",92583,-116.939660067,33.7823096494,-116.939812778,33.7821845696,-116.939398058,33.7824991817,NA,"1264 TRUTH ST,Gilman Hot Springs,CA,92583",6065
"45813034","971 BLOSSOM HILL RD","San Jose","CA",95123,-121.865956705,37.2509363256,-121.866399349,37.2505846785,-121.865551766,37.2512994419,NA,"971 BLOSSOM HILL RD,San Jose,CA,95123",6085
"4208032016","3903 Lamarr Ave",NA,"CA",90232,-118.40546256,34.015001659,-118.405656297,34.014831279,-118.405293382,34.0151640603,"0100","3903 Lamarr Ave,NA,CA,90232",6037
"023230020000","16311 PARADISE RD","Pioneer",NA,95666,-120.545950445,38.4424096116,-120.546403941,38.4420256476,-120.545336117,38.4427930219,NA,"16311 PARADISE RD,Pioneer,NA,95666",6005
"01226306","690 PEACH AVE","MENDOTA","CA",93640,-120.389710436,36.7502270992,-120.389814162,36.7500854589,-120.389606383,36.750369572,"11","690 PEACH AVE,MENDOTA,CA,93640",6019
"6141020004","1518 S Exmoor Ave","Compton","CA",90220,-118.237796993,33.8810582907,-118.238040257,33.8808092103,-118.237627405,33.8812742037,"0100","1518 S Exmoor Ave,Compton,CA,90220",6037
"527432140","12503 COLORADO AVE","Bakersfield","CA",93312,-119.141680345,35.4098670207,-119.141798208,35.4097019878,-119.141562482,35.4100320539,"0101","12503 COLORADO AVE,Bakersfield,CA,93312",6029
"45128203","1285 N GLENN AVE","FRESNO","CA",93728,-119.79369282,36.7592839578,-119.793925331,36.7592136647,-119.793460319,36.7593542386,"11","1285 N GLENN AVE,FRESNO,CA,93728",6019
"5422011013","2346 Loma Vista Pl",NA,"CA",90039,-118.257500651,34.0954400574,-118.257662184,34.0953158037,-118.257365128,34.0955909323,"0300","2346 Loma Vista Pl,NA,CA,90039",6037
"5665011005","1561 E Glenoaks Blvd","Glendale","CA",91206,-118.230378479,34.1544988716,-118.230569093,34.1543570732,-118.230186709,34.1546407837,"0100","1561 E Glenoaks Blvd,Glendale,CA,91206",6037
"39321136","11939 E CONEJO AVE","KINGSBURG","CA",93631,-119.576482567,36.5162134335,-119.577562209,36.5143601224,-119.575344208,36.517908945,"70","11939 E CONEJO AVE,KINGSBURG,CA,93631",6019
"2210027295","4731 TERRACE AVE","Oxnard","CA",93033,-119.165840346,34.1573838001,-119.166069268,34.1573000005,-119.165614177,34.1574667499,NA,"4731 TERRACE AVE,Oxnard,CA,93033",6111
"5615017004","1610 Glencoe Way","Glendale","CA",91208,-118.23109129,34.1988644132,-118.231279872,34.1987124006,-118.230902966,34.1990164647,"0200","1610 Glencoe Way,Glendale,CA,91208",6037
"233110014","3712 MONROE ST","Riverside","CA",92503,-117.431012217,33.9270133581,-117.431443156,33.9267371643,-117.430576364,33.9272900735,NA,"3712 MONROE ST,Riverside,CA,92503",6065
"025127161","9832 GREENWOOD CT","Fontana","CA",92335,-117.442044205,34.0751243928,-117.442211971,34.0750261804,-117.441875936,34.0752228555,"510","9832 GREENWOOD CT,Fontana,CA,92335",6071
"572150018","155 ARLINGTON AVE","Kensington","CA",94708,-122.280167021,37.9087243191,-122.280473052,37.9085910308,-122.279839844,37.9088482752,NA,"155 ARLINGTON AVE,Kensington,CA,94708",6013
"56712006","1658 E MORNINGSTAR LN","FRESNO","CA",93720,-119.75330546,36.8700768699,-119.753378581,36.8699335921,-119.753232329,36.8702201533,"11","1658 E MORNINGSTAR LN,FRESNO,CA,93720",6019
"054-171-116-000","1576 HIDDEN HAVEN LN","Paradise","CA",95969,-121.586012706,39.7470116092,-121.586745809,39.7468224283,-121.58528219,39.7472020955,"RS","1576 HIDDEN HAVEN LN,Paradise,CA,95969",6007
"152-162-028","2312 HOLIDAY CT","Larkfield","CA",95403,-122.761858876,38.4607166584,-122.761994688,38.4605679778,-122.761724162,38.4608655282,NA,"2312 HOLIDAY CT,Larkfield,CA,95403",6097
"033828114","24021 PIONEER CAMP RD",NA,NA,92325,-117.279126462,34.2413678858,-117.279214265,34.2412214605,-117.2790581,34.2414987865,"510","24021 PIONEER CAMP RD,NA,NA,92325",6071
"138030030","3710 WATERFORD LN","Walnut Creek","CA",94598,-121.997606502,37.9150305449,-121.997790668,37.9148187296,-121.997422256,37.9152430853,NA,"3710 WATERFORD LN,Walnut Creek,CA,94598",6013
"013-213-025-000","1741 SANTA CLARA DR","Roseville","CA",95661,-121.262715931,38.7461859028,-121.263076701,38.7458580381,-121.262308717,38.7465877993,"73","1741 SANTA CLARA DR,Roseville,CA,95661",6061
"09809111","2319 POPPY TER","Willits","CA",95490,-123.39517147,39.4498440583,-123.395455832,39.4496823062,-123.394912919,39.4500428719,NA,"2319 POPPY TER,Willits,CA,95490",6045
"2822012022","19216 Singing Hills Dr","Porter Ranch","CA",91326,-118.549212489,34.2763021331,-118.552125411,34.2753884643,-118.547114673,34.2781571871,"660X","19216 Singing Hills Dr,Porter Ranch,CA,91326",6037
"6850302205","780 COVEWOOD ST","Oak Park","CA",91377,-118.781151587,34.185848659,-118.78147902,34.1854510304,-118.780805144,34.1862423291,NA,"780 COVEWOOD ST,Oak Park,CA,91377",6111
"465453173","11722 STRATOSPHERE AVE","Bakersfield","CA",93312,-119.133000906,35.3938102769,-119.133102191,35.3936726028,-119.132899621,35.3939479508,"0106","11722 STRATOSPHERE AVE,Bakersfield,CA,93312",6029
"4394413909","4630 FELTON ST","San Diego","CA",92116,-117.122076867,32.7616137512,-117.12229175,32.7614751176,-117.121863721,32.7617497403,NA,"4630 FELTON ST,San Diego,CA,92116",6073
"162070010","4831 JOHN MUIR RD","Martinez","CA",94553,-122.114181658,37.9884233944,-122.114817638,37.988068731,-122.11354437,37.9887583182,NA,"4831 JOHN MUIR RD,Martinez,CA,94553",6013
"4245005028","3535 Greenwood Ave","Los Angeles","CA",90066,-118.446654296,34.0049082095,-118.446856064,34.0047734086,-118.446452528,34.0050430105,"0100","3535 Greenwood Ave,Los Angeles,CA,90066",6037
"36844029","339 S KINGSWOOD PKWY","REEDLEY","CA",93654,-119.467518121,36.5947398148,-119.467855456,36.5945303089,-119.467181845,36.5949499752,"11","339 S KINGSWOOD PKWY,REEDLEY,CA,93654",6019
"5537009033","5255 Santa Monica Blvd",NA,"CA",90029,-118.304400989,34.091197234,-118.304511927,34.0909101393,-118.304292374,34.0914597025,"3100","5255 Santa Monica Blvd,NA,CA,90029",6037
"001141018","882 Grove St","San Luis Obispo","CA",93401,-120.654101844,35.2879713363,-120.654283611,35.2878307253,-120.653921986,35.288110293,NA,"882 Grove St,San Luis Obispo,CA,93401",6079
"1800103300","1228 EUCALYPTUS AVE","Vista","CA",92084,-117.223273807,33.197976098,-117.223560472,33.1978386823,-117.22302157,33.1981848163,NA,"1228 EUCALYPTUS AVE,Vista,CA,92084",6073
"5018030029","709 W 46th St","Los Angeles","CA",90037,-118.285933352,34.0020210729,-118.28601665,34.0017981226,-118.285850073,34.0022440215,"0100","709 W 46th St,Los Angeles,CA,90037",6037
"090-250-046-000","9677 BROCKWAY SPRINGS DR",NA,NA,96143,-120.012950168,39.2270973337,-120.013080989,39.2269935114,-120.012811144,39.2271919653,"01","9677 BROCKWAY SPRINGS DR,NA,NA,96143",6061
"523082019","820 AMADOR ST","Richmond","CA",94805,-122.323949555,37.9458222805,-122.324174619,37.9456993867,-122.323724587,37.9459451742,NA,"820 AMADOR ST,Richmond,CA,94805",6013
"2423032008","4029 Denny Ave","Studio City","CA",91604,-118.365134391,34.1426438769,-118.365340263,34.1425884453,-118.364928528,34.1426993,"0101","4029 Denny Ave,Studio City,CA,91604",6037
"5140042105","6435 YALE AVE","Moorpark","CA",93021,-118.858244247,34.2943907611,-118.858420535,34.2942880858,-118.858065455,34.2944975601,NA,"6435 YALE AVE,Moorpark,CA,93021",6111
"20105800160000","5648 JOHN RUNGE DR","Sacramento","CA",95835,-121.503105758,38.6776178334,-121.503290341,38.6775345225,-121.502921176,38.6777011441,NA,"5648 JOHN RUNGE DR,Sacramento,CA,95835",6067
"021887103","3050 S ARCADIAN SHORES RD","Ontario","CA",91761,-117.588643989,34.0183440185,-117.58885234,34.0182240176,-117.588433024,34.01846726,"510","3050 S ARCADIAN SHORES RD,Ontario,CA,91761",6071
"5758022023","1050 Riviera Dr","Pasadena","CA",91107,-118.076926648,34.1643233289,-118.077105205,34.1641760951,-118.07681609,34.1645075874,"0100","1050 Riviera Dr,Pasadena,CA,91107",6037
"8253007004","1952 Los Padres Dr","Rowland Heights","CA",91748,-117.897742006,33.9837896009,-117.897924556,33.9836717443,-117.897559333,33.9839074345,"0100","1952 Los Padres Dr,Rowland Heights,CA,91748",6037
"014 061 12","820 SOLANO ST","Broderick","CA",95605,-121.540484248,38.592539596,-121.540826239,38.5924208009,-121.540222846,38.5926762188,NA,"820 SOLANO ST,Broderick,CA,95605",6113
"059-410-008","4477 Shadow Hills Blvd","Santa Barbara","CA",93105,-119.774651151,34.4608393958,-119.774735772,34.4607772361,-119.774562172,34.4609218287,"0326","4477 Shadow Hills Blvd,Santa Barbara,CA,93105",6083
"032-161-030","40472 MUELLER RD","Cutler","CA",93615,-119.282375804,36.5244754282,-119.282566363,36.5243469388,-119.282258055,36.5246965863,NA,"40472 MUELLER RD,Cutler,CA,93615",6107
"2030220100","2480 OCEAN ST","Carlsbad","CA",92008,-117.356873838,33.1631593062,-117.357055552,33.1630271989,-117.356692155,33.1632914237,NA,"2480 OCEAN ST,Carlsbad,CA,92008",6073
"1610300500","521 W BOBIER DR","Vista","CA",92083,-117.25389488,33.2222546753,-117.254282488,33.2213430292,-117.253506214,33.2231681745,NA,"521 W BOBIER DR,Vista,CA,92083",6073
"5273015004","312 W Riggin St","Monterey Park","CA",91754,-118.134931963,34.0364259735,-118.135022804,34.0362698096,-118.134840311,34.0365825476,"0200","312 W Riggin St,Monterey Park,CA,91754",6037
"4743311600","3949 ARAGON DR","San Diego","CA",92115,-117.051914463,32.7492003169,-117.052101961,32.7491191126,-117.051738997,32.749283414,NA,"3949 ARAGON DR,San Diego,CA,92115",6073
"6370220345","1940 RORY LN","Santa Susana","CA",93063,-118.672766492,34.2711013714,-118.672812742,34.2710641144,-118.67272406,34.2711346777,NA,"1940 RORY LN,Santa Susana,CA,93063",6111
"5209035036","4099 N Mission Rd","El Sereno Car","CA",90032,-118.195139596,34.0764911841,-118.195382214,34.0762414195,-118.194889072,34.0767233557,"3100","4099 N Mission Rd,El Sereno Car,CA,90032",6037
"4021028076","415 E Tamarack Ave","Inglewood","CA",90301,-118.347989754,33.9592536826,-118.348601917,33.9587216526,-118.347390171,33.9598380147,"010C","415 E Tamarack Ave,Inglewood,CA,90301",6037
"5957812300","363 PLAZA LOS OSOS","Chula Vista","CA",91914,-116.978053305,32.6673036092,-116.978234479,32.6671655089,-116.977878559,32.6674447382,NA,"363 PLAZA LOS OSOS,Chula Vista,CA,91914",6073
"195352030","1828 EL NIDO",NA,NA,94528,-121.956987956,37.838752291,-121.957703931,37.8384850372,-121.956359415,37.8390708465,NA,"1828 EL NIDO,NA,NA,94528",6013
"7585025111","23 Quarterhorse Ln","Rolling Hills Estates","CA",90274,-118.385247886,33.7636077795,-118.385461901,33.7633648814,-118.385034333,33.7638541342,"0100","23 Quarterhorse Ln,Rolling Hills Estates,CA,90274",6037
"3121035023","44849 Inola Ave","Lancaster","CA",93534,-118.163334346,34.698141503,-118.163612974,34.6980587727,-118.163055283,34.6982242332,"0100","44849 Inola Ave,Lancaster,CA,93534",6037
"263193062","2520 SCOVERN ST","Lake Isabella","CA",93240,-118.478546581,35.6100211754,-118.478775247,35.6098725454,-118.478317916,35.6101698053,"0101","2520 SCOVERN ST,Lake Isabella,CA,93240",6029
"186091007","6090 BONHILL ST","Riverside","CA",92509,-117.42697216,33.9882928914,-117.427310931,33.9881448073,-117.426717859,33.9884594309,NA,"6090 BONHILL ST,Riverside,CA,92509",6065
"6500231045","6405 KEYSTONE ST","Santa Susana","CA",93063,-118.665293859,34.2787237686,-118.665431452,34.2785552831,-118.665156369,34.2788920321,NA,"6405 KEYSTONE ST,Santa Susana,CA,93063",6111
"5070253205","13452 E QUAIL SUMMIT RD","Moorpark","CA",93021,-118.875241275,34.2690251824,-118.875341107,34.2688774227,-118.87513446,34.2691755257,NA,"13452 E QUAIL SUMMIT RD,Moorpark,CA,93021",6111
"212230148","10764 MENDIBURU RD","Calif City","CA",93505,-117.935353384,35.1341725988,-117.935593329,35.1339723864,-117.935113168,35.1343536548,"0101","10764 MENDIBURU RD,Calif City,CA,93505",6029
"179281041","5244 34TH ST","Riverside","CA",92509,-117.395333682,33.996329031,-117.395597908,33.9960467542,-117.395067659,33.9966087127,NA,"5244 34TH ST,Riverside,CA,92509",6065
"4041003076","12213 Grevillea Ave","Hawthorne","CA",90250,-118.355069094,33.921821083,-118.355297902,33.9216730788,-118.354840198,33.9219688803,"010C","12213 Grevillea Ave,Hawthorne,CA,90250",6037
"015454906","5035 N H ST","Arrowhead Farms","CA",92407,-117.300243357,34.1741406728,-117.300409571,34.1740364645,-117.300077145,34.1742448812,"510","5035 N H ST,Arrowhead Farms,CA,92407",6071
"8023025012","11621 Imperial Hwy","Norwalk","CA",90650,-118.085435383,33.9174834096,-118.085525511,33.9173442539,-118.085346395,33.9176232014,"0100","11621 Imperial Hwy,Norwalk,CA,90650",6037
"230052004000","4250 FREEMARK AVE","Merced","CA",95348,-120.482179927,37.3442250655,-120.48236275,37.3440797264,-120.481997105,37.3443704048,"1001","4250 FREEMARK AVE,Merced,CA,95348",6047
"080161037","205 S DESERT CANDLES ST","Ridgecrest","CA",93555,-117.663647058,35.6203401301,-117.663876295,35.6202596058,-117.66341782,35.6204206534,"0101","205 S DESERT CANDLES ST,Ridgecrest,CA,93555",6029
"5018037011","436 W 50th St",NA,"CA",90037,-118.281801317,33.9971292624,-118.281884549,33.996941544,-118.281718098,33.9973170089,"0100","436 W 50th St,NA,CA,90037",6037
"7740013160","8557 RANCHO CANADA RD","El Cajon","CA",92021,-116.894722661,32.8301237944,-116.896012611,32.8289036067,-116.89385102,32.8311935217,NA,"8557 RANCHO CANADA RD,El Cajon,CA,92021",6073
"2644004000","20073 WOLF CREEK RD","Grass Valley","CA",95949,-121.016114264,39.1026476641,-121.016835531,39.1019097139,-121.015257807,39.1035918892,NA,"20073 WOLF CREEK RD,Grass Valley,CA,95949",6057
"053450038","4321 WALLABY CT","Antioch","CA",94531,-121.774459311,37.9704773191,-121.774574596,37.9703171264,-121.774343947,37.9706366541,NA,"4321 WALLABY CT,Antioch,CA,94531",6013
"4481910800","4934 NEWPORT AVE","San Diego","CA",92107,-117.249783408,32.7464534806,-117.249988146,32.7462503045,-117.249579935,32.7466580157,NA,"4934 NEWPORT AVE,San Diego,CA,92107",6073
"4169035004","2845 El Oeste Dr",NA,"CA",90254,-118.397397369,33.8749022094,-118.397643241,33.8748013601,-118.397132108,33.8749958314,"0100","2845 El Oeste Dr,NA,CA,90254",6037
"1690210555","41052 VILLAGE 41","Camarillo","CA",93012,-118.975400045,34.2306761875,-118.975511914,34.2305905282,-118.9752881,34.23076187,NA,"41052 VILLAGE 41,Camarillo,CA,93012",6111
"8542008093","4407 Merced Ave","Baldwin Park","CA",91706,-117.974007272,34.0926861265,-117.974287773,34.0922398799,-117.973724944,34.0931310293,"010C","4407 Merced Ave,Baldwin Park,CA,91706",6037
"074383001","701 Highland Dr","Los Osos","CA",93402,-120.839740176,35.3084054332,-120.839905892,35.3082491368,-120.839554632,35.3085519074,NA,"701 Highland Dr,Los Osos,CA,93402",6079
"155532046","2167 WESTWARD PL","Martinez","CA",94553,-122.08272316,37.9902518206,-122.082793,37.9901332141,-122.082650198,37.9903688002,NA,"2167 WESTWARD PL,Martinez,CA,94553",6013
"60113001","192 LAUMER AVE","San Jose","CA",95127,-121.820122653,37.369182046,-121.820300148,37.36898265,-121.819944928,37.3693812174,NA,"192 LAUMER AVE,San Jose,CA,95127",6085
"052120048000","7860 SHAFFER RD","Winton","CA",95388,-120.594303142,37.4017058237,-120.594864712,37.4015337536,-120.59374158,37.4018778948,"201","7860 SHAFFER RD,Winton,CA,95388",6047
"12306008","4253 GREENVIEW DR","El Dorado Hills","CA",95762,-121.058471413,38.6855655493,-121.058853051,38.6852630538,-121.058081913,38.6858462028,"11","4253 GREENVIEW DR,El Dorado Hills,CA,95762",6017
"8064025009","15003 Aranza Dr","La Mirada","CA",90638,-118.002179607,33.895648188,-118.002373759,33.895510574,-118.001997062,33.8957850779,"0100","15003 Aranza Dr,La Mirada,CA,90638",6037
"1585001F","611 42ND AVE","San Francisco","CA",94121,-122.503057474,37.7770039263,-122.503213975,37.7769557819,-122.502900973,37.7770520707,NA,"611 42ND AVE,San Francisco,CA,94121",6075
"2217009011","6842 Van Nuys Blvd","Van Nuys","CA",91405,-118.447525913,34.1951279993,-118.448497491,34.1949712785,-118.446536872,34.1953148352,"2300","6842 Van Nuys Blvd,Van Nuys,CA,91405",6037
"03000200550000","6573 PARK RIVIERA WAY","Sacramento","CA",95831,-121.548185003,38.506791472,-121.548409348,38.5065765325,-121.547987826,38.506993622,NA,"6573 PARK RIVIERA WAY,Sacramento,CA,95831",6067
"0930004","3335 DIVISADERO ST","San Francisco","CA",94123,-122.443298578,37.8004660987,-122.443509169,37.800406279,-122.443087979,37.8005259179,NA,"3335 DIVISADERO ST,San Francisco,CA,94123",6075
"183260028","1915 SAN MIGUEL DR","Walnut Creek","CA",94596,-122.052482423,37.8935220014,-122.052846204,37.8933164554,-122.052195934,37.8936252348,NA,"1915 SAN MIGUEL DR,Walnut Creek,CA,94596",6013
"013901212","1087 N PENNSYLVANIA AVE","San Bernardino","CA",92411,-117.328383293,34.1192155744,-117.328816419,34.1190961826,-117.327949179,34.1193357798,"510","1087 N PENNSYLVANIA AVE,San Bernardino,CA,92411",6071
"021034148","1432 DEL RIO WAY","Ontario","CA",91764,-117.603256309,34.0836719991,-117.603477367,34.0835349927,-117.603035659,34.0838095954,"510","1432 DEL RIO WAY,Ontario,CA,91764",6071
"04823026","921 HARRISON ST","Hopland","CA",95449,-123.098058262,38.9763386228,-123.098392956,38.9760143431,-123.097722905,38.9766618704,NA,"921 HARRISON ST,Hopland,CA,95449",6045
"2638005010","8656 Tyrone Ave","Panorama City","CA",91402,-118.446646353,34.2273917893,-118.446834333,34.2272549576,-118.446458362,34.2275286087,"0100","8656 Tyrone Ave,Panorama City,CA,91402",6037
"273440015","16483 REGENCY RANCH RD","Riverside","CA",92504,-117.399800797,33.8812429787,-117.400089088,33.8810079207,-117.399515462,33.8814702607,NA,"16483 REGENCY RANCH RD,Riverside,CA,92504",6065
"008-151-050","2617 CHINA GRADE RD",NA,NA,96086,-123.207276885,41.8403318788,-123.207687761,41.8399991512,-123.206838112,41.8407565527,"116","2617 CHINA GRADE RD,NA,NA,96086",6093
"2812030033","20444 Lisa Gail Dr","Santa Clarita","CA",91350,-118.49341191,34.4469647451,-118.493563593,34.4467947334,-118.493259805,34.4471352062,"0100","20444 Lisa Gail Dr,Santa Clarita,CA,91350",6037
"7310013097","4061 Via Oro Ave","Long Beach","CA",90810,-118.211406535,33.836074928,-118.212308633,33.8354389376,-118.210572388,33.8368089465,"3300","4061 Via Oro Ave,Long Beach,CA,90810",6037
"8646021023","534 E Walnut Ave","Glendora","CA",91741,-117.858133981,34.1313485804,-117.858339488,34.1310850358,-117.857800452,34.1314898737,"0100","534 E Walnut Ave,Glendora,CA,91741",6037
"3101007048","41231 Myrtle St","City Ranch","CA",93551,-118.231818119,34.631858911,-118.232029354,34.6317296141,-118.23160689,34.6319881942,"0100","41231 Myrtle St,City Ranch,CA,93551",6037
"137-530-079","912 Hornbeck Pl","Ballard","CA",93463,-120.129867098,34.6062157665,-120.13012555,34.6060096768,-120.129630382,34.6064392651,"0100","912 Hornbeck Pl,Ballard,CA,93463",6083
"472182088","3030 RICHLAND AVE","Rosamond","CA",93560,-118.186094517,34.8670706096,-118.186201401,34.8669330305,-118.185987613,34.8672082145,"0101","3030 RICHLAND AVE,Rosamond,CA,93560",6029
"490-200-036-000","1136 KIRKHILL DR","Roseville","CA",95747,-121.369544298,38.7665480945,-121.369653302,38.7663958351,-121.369435616,38.766700234,"01","1136 KIRKHILL DR,Roseville,CA,95747",6061
"5442014007","2739 Benedict St","Los Angeles","CA",90039,-118.244756677,34.1001906911,-118.244967812,34.0999961542,-118.244544975,34.1003858202,"0100","2739 Benedict St,Los Angeles,CA,90039",6037
"773340044","77498 AVENIDA MADRUGADA","La Quinta","CA",92253,-116.309839351,33.6843824613,-116.310016165,33.6843089466,-116.309662004,33.6844564852,NA,"77498 AVENIDA MADRUGADA,La Quinta,CA,92253",6065
"060111201","6295 LINDA LEE DR","Yucca Valley","CA",92284,-116.376172492,34.1387576885,-116.376420659,34.1386667669,-116.375924336,34.1388486078,"603","6295 LINDA LEE DR,Yucca Valley,CA,92284",6071
"1030082315","600 E SANTA BARBARA ST","Santa Paula","CA",93060,-119.067934179,34.3529424995,-119.068423849,34.3525296297,-119.067353572,34.3532886156,NA,"600 E SANTA BARBARA ST,Santa Paula,CA,93060",6111
"5278017003","821 N Sanchez St",NA,"CA",90640,-118.090625131,34.0230213923,-118.090812123,34.0229068496,-118.090438215,34.0231357859,"0100","821 N Sanchez St,NA,CA,90640",6037
"7454017011","729 W 11th St","San Pedro","CA",90731,-118.293056867,33.7339784605,-118.293123459,33.7338133529,-118.292990294,33.7341435679,"0100","729 W 11th St,San Pedro,CA,90731",6037
"3862012409","8420 FANITA DR","Santee","CA",92071,-117.001517376,32.8286547354,-117.002617752,32.8283784695,-117.000834545,32.8289640127,NA,"8420 FANITA DR,Santee,CA,92071",6073
"2920030","45 FOREST SIDE AVE","San Francisco","CA",94127,-122.467846124,37.7425145136,-122.468028878,37.7424257776,-122.467663218,37.7426032794,NA,"45 FOREST SIDE AVE,San Francisco,CA,94127",6075
"49132070","383 N DUKE AVE","CLOVIS","CA",93612,-119.691745078,36.8370554411,-119.691953582,36.8369490837,-119.691595148,36.8371989449,"11","383 N DUKE AVE,CLOVIS,CA,93612",6019
"302-110-072","13144 ROAD 216","Poplar","CA",93257,-119.088523081,36.0283642022,-119.089050071,36.0280908941,-119.087989932,36.0286401189,NA,"13144 ROAD 216,Poplar,CA,93257",6107
"11025150","504 BLUERIDGE RD","Whitethorn","CA",95589,-124.042383956,40.0269143553,-124.042806249,40.0267794651,-124.041914586,40.0271096221,"RS-5-Q/D","504 BLUERIDGE RD,Whitethorn,CA,95589",6023
"11114139","47 ANTLER CT","Whitethorn","CA",95589,-124.067921207,40.0308842309,-124.068130936,40.030787255,-124.067724695,40.030961989,"RS-5-S1-Q/","47 ANTLER CT,Whitethorn,CA,95589",6023
"036-201-03","1500 PARK AVE","Aptos",NA,95003,-121.933244266,36.9829523988,-121.934376444,36.9821818187,-121.931908855,36.9835747841,"913","1500 PARK AVE,Aptos,NA,95003",6087
"604343008","79185 LAURIE CT","La Quinta","CA",92253,-116.283898022,33.7195189389,-116.284044695,33.7192798019,-116.28365816,33.7196549788,NA,"79185 LAURIE CT,La Quinta,CA,92253",6065
"380202028","7917 WESTLORNE CT","Bakersfield","CA",93309,-119.09086958,35.3353920825,-119.091004213,35.3352200934,-119.090734948,35.335564071,"0101","7917 WESTLORNE CT,Bakersfield,CA,93309",6029
"6268006078","15000 Downey Ave","Paramount","CA",90723,-118.150554187,33.8969983004,-118.151294494,33.8965556575,-118.149643873,33.8975612466,"010C","15000 Downey Ave,Paramount,CA,90723",6037
"033606235","26477 APACHE TR",NA,NA,92407,-117.225211399,34.2287443575,-117.225472357,34.2285867952,-117.225017799,34.2289525038,"510","26477 APACHE TR,NA,NA,92407",6071
"7535010022","3403 Newton St",NA,"CA",90505,-118.345527549,33.7987645649,-118.345680357,33.7986089057,-118.345367924,33.7989312828,"0100","3403 Newton St,NA,CA,90505",6037
"7219011014","4309 E Rosada St","Long Beach","CA",90815,-118.142078935,33.7932227178,-118.142193942,33.793075778,-118.141958928,33.7933664095,"0100","4309 E Rosada St,Long Beach,CA,90815",6037
"463490201","15557 CALABRIA CT","Bakersfield","CA",93314,-119.175075118,35.3954002009,-119.175230983,35.3952298101,-119.174923864,35.3955760545,"0106","15557 CALABRIA CT,Bakersfield,CA,93314",6029
"232855103","42996 MOONRIDGE RD",NA,NA,92314,-116.86422105,34.2379308515,-116.864401437,34.2377811468,-116.864039264,34.2380778012,"510","42996 MOONRIDGE RD,NA,NA,92314",6071
"4342003065","325 N Oakhurst Dr",NA,"CA",90210,-118.391316034,34.0732378392,-118.391565323,34.0730027467,-118.39106836,34.0734769831,"010C","325 N Oakhurst Dr,NA,CA,90210",6037
"187-074-023","151 E BEACON AVE","Tulare","CA",93274,-119.347859734,36.172052917,-119.347976344,36.1717907008,-119.347743945,36.1723141482,NA,"151 E BEACON AVE,Tulare,CA,93274",6107
"52336012","101 WESTCHESTER DR","Los Gatos","CA",95032,-121.944911131,37.2397449015,-121.945085593,37.2395880918,-121.944738405,37.2399092036,NA,"101 WESTCHESTER DR,Los Gatos,CA,95032",6085
"004-510-035","426 MICHAEL PL","Freestone","CA",95472,-122.843804585,38.402782371,-122.84399914,38.4026638875,-122.843610329,38.4029009653,NA,"426 MICHAEL PL,Freestone,CA,95472",6097
"3154222200","12637 LA TORTOLA","San Diego","CA",92129,-117.115401455,32.9477143519,-117.115613021,32.9475369122,-117.115039186,32.9478194617,NA,"12637 LA TORTOLA,San Diego,CA,92129",6073
"7241012114","1076 Bennett Ave","Long Beach","CA",90804,-118.142305749,33.7803818433,-118.14252719,33.780317757,-118.142084275,33.7804459403,"0400","1076 Bennett Ave,Long Beach,CA,90804",6037
"4303721100","4575 MILTON ST","San Diego","CA",92110,-117.2013219,32.7839915504,-117.201537312,32.7838979467,-117.201107254,32.7840869682,NA,"4575 MILTON ST,San Diego,CA,92110",6073
"087 009401800","32486 ITHACA ST","Union City","CA",94587,-122.031606695,37.6080611954,-122.031795683,37.6079161232,-122.03141704,37.6082068016,"1100","32486 ITHACA ST,Union City,CA,94587",6001
"004-690-005","467 FLORENCE AVE","Freestone","CA",95472,-122.830074386,38.4046185654,-122.830265566,38.4045140455,-122.829883181,38.4047230886,NA,"467 FLORENCE AVE,Freestone,CA,95472",6097
"6660191025","3355 BEAR CREEK DR","Newbury Park","CA",91320,-118.947621299,34.1736473429,-118.947763656,34.1734816155,-118.947498015,34.1738171082,NA,"3355 BEAR CREEK DR,Newbury Park,CA,91320",6111
"8622010011","18214 E Kirkwall Rd","Azusa","CA",91702,-117.895671172,34.1115320291,-117.895771437,34.1113959865,-117.895570174,34.1116673407,"0100","18214 E Kirkwall Rd,Azusa,CA,91702",6037
"3488212000","3203 LAHITTE CT","San Diego","CA",92122,-117.216710677,32.8548054462,-117.217157861,32.8544925497,-117.216374724,32.8550874589,NA,"3203 LAHITTE CT,San Diego,CA,92122",6073
"5375706327","1415 ORANGE AVE","Coronado","CA",92118,-117.177253429,32.6819434956,-117.177778001,32.6816590595,-117.176854597,32.6822206534,NA,"1415 ORANGE AVE,Coronado,CA,92118",6073
"021887104","3062 S ARCADIAN SHORES RD","Ontario","CA",91761,-117.588733992,34.0181800909,-117.588935006,34.0180793064,-117.588510049,34.0183093095,"510","3062 S ARCADIAN SHORES RD,Ontario,CA,91761",6071
"011292017000","132 CASTLE PEAK RD",NA,NA,93517,-119.221607316,38.2393958649,-119.221828524,38.2391599146,-119.221372162,38.2396296466,"SFR","132 CASTLE PEAK RD,NA,NA,93517",6051
"042-370-014-000","11515 SUNVALLEY PL","Auburn","CA",95603,-121.088280115,38.8683561528,-121.088653888,38.8680111293,-121.087861556,38.8687723492,"01","11515 SUNVALLEY PL,Auburn,CA,95603",6061
"5817019018","322 Starlight Crest Dr","Flintridge","CA",91011,-118.176864883,34.2089531762,-118.177240319,34.2087516614,-118.176514483,34.2091609078,"0100","322 Starlight Crest Dr,Flintridge,CA,91011",6037
"022939113","9109 SANTA ANITA AVE","Rancho Cucamonga","CA",91730,-117.538593518,34.0879749569,-117.53910071,34.087775871,-117.538160162,34.0881839532,"110","9109 SANTA ANITA AVE,Rancho Cucamonga,CA,91730",6071
"6302702400","774 REEF DR","San Diego","CA",92154,-117.064252167,32.5823066014,-117.064428127,32.5822105992,-117.064074041,32.5824050163,NA,"774 REEF DR,San Diego,CA,92154",6073
"4074015014","4121 W 166th St","Lawndale","CA",90260,-118.346928727,33.8803879038,-118.346996585,33.8802059675,-118.346860894,33.880569894,"0200","4121 W 166th St,Lawndale,CA,90260",6037
"537090048","3800 W RAMSEY ST","Banning","CA",92220,-116.918222891,33.9261105206,-116.918378429,33.9258946734,-116.91807027,33.9263195703,NA,"3800 W RAMSEY ST,Banning,CA,92220",6065
"032341218","9514 SNOWDRIFT DR","Forest Falls","CA",92339,-116.900382826,34.0824442344,-116.900670481,34.0823294513,-116.900094412,34.0825584637,"510","9514 SNOWDRIFT DR,Forest Falls,CA,92339",6071
"40405124","310 TREE LN","Kneeland","CA",95549,-124.009138031,40.7875466181,-124.009966675,40.7863374257,-124.007887209,40.7883290138,"AG","310 TREE LN,Kneeland,CA,95549",6023
"2504009043","14055 Lakeside St","Kagel Canyon","CA",91342,-118.440106589,34.3193256252,-118.440469725,34.319032189,-118.439743405,34.3196191031,"0100","14055 Lakeside St,Kagel Canyon,CA,91342",6037
"3112050032","43112  21st St W","Del Sur","CA",93536,-118.168146028,34.6666059829,-118.168321993,34.6665168458,-118.167966954,34.6666950623,"0100","43112  21st St W,Del Sur,CA,93536",6037
"357197008","218 SUISUN AVE","Rodeo","CA",94572,-122.262206051,38.035597994,-122.262404916,38.0355211315,-122.262007061,38.0356749704,NA,"218 SUISUN AVE,Rodeo,CA,94572",6013
"060-490-001","7970 SOLL CT","Freestone","CA",95472,-122.837725959,38.4067536564,-122.837912475,38.4066194964,-122.837593371,38.4068602965,NA,"7970 SOLL CT,Freestone,CA,95472",6097
"2380014","2471 45TH AVE","San Francisco","CA",94116,-122.503785966,37.7404947086,-122.503995993,37.7404512497,-122.503575946,37.7405381674,NA,"2471 45TH AVE,San Francisco,CA,94116",6075
"68939022","364 ALLEGAN CIR","San Jose","CA",95123,-121.815502281,37.2343928922,-121.815598787,37.2342542251,-121.815405898,37.2345322166,NA,"364 ALLEGAN CIR,San Jose,CA,95123",6085
"002-632-016","321 VINEYARD DR","Healdsburg","CA",95448,-122.849654498,38.6112498314,-122.849786148,38.6111808041,-122.849522335,38.6113185305,NA,"321 VINEYARD DR,Healdsburg,CA,95448",6097
"095271030","396 MORNINGSTAR CT","Pittsburg","CA",94565,-121.91773781,38.0207336343,-121.917964127,38.0205951539,-121.91753646,38.0208860956,NA,"396 MORNINGSTAR CT,Pittsburg,CA,94565",6013
"4032012018","3622 W 104th St",NA,"CA",90303,-118.33606288,33.9415365459,-118.336129236,33.9413164455,-118.335996516,33.9417566222,"0100","3622 W 104th St,NA,CA,90303",6037
"957591001","31994 AHERN PL","Temecula","CA",92591,-117.101248271,33.5249862602,-117.101389557,33.5248105466,-117.101128439,33.5251593714,NA,"31994 AHERN PL,Temecula,CA,92591",6065
"04840113","3229 LONE STAR MINE RD","Placerville","CA",95667,-120.723163485,38.7301139251,-120.72360108,38.7298922593,-120.722716653,38.730335983,"11","3229 LONE STAR MINE RD,Placerville,CA,95667",6017
"1853680234","8858 LAWRENCE WELK DR","Escondido","CA",92026,-117.1432788,33.2362347149,-117.144381928,33.2358879115,-117.142222877,33.2366907794,NA,"8858 LAWRENCE WELK DR,Escondido,CA,92026",6073
"1865310600","10928 MEADOW GLEN WAY E","Escondido","CA",92026,-117.097376837,33.2214490919,-117.097603504,33.221214566,-117.097145896,33.2216792543,NA,"10928 MEADOW GLEN WAY E,Escondido,CA,92026",6073
"064-660-044-000","6435 EHRLICH CT","Magalia","CA",95954,-121.596851301,39.8290531396,-121.597016659,39.8288104514,-121.596680139,39.8292908063,"RV","6435 EHRLICH CT,Magalia,CA,95954",6007
"5645002000","20285 BUCKBOARD RD","Grass Valley","CA",95949,-121.07141975,39.0790152373,-121.073096858,39.077397447,-121.069622579,39.0806238127,NA,"20285 BUCKBOARD RD,Grass Valley,CA,95949",6057
"008-013-03","110 GOLF CLUB DR","Bonny Doon","CA",95060,-122.031648427,36.9897102298,-122.03205394,36.9895444789,-122.03126729,36.98992186,"023","110 GOLF CLUB DR,Bonny Doon,CA,95060",6087
"080G137101900","1049 BURKHART AVE","San Leandro","CA",94579,-122.146790736,37.686208947,-122.146912752,37.6860024076,-122.146670683,37.68640702,"1100","1049 BURKHART AVE,San Leandro,CA,94579",6001
"5141014002","2510 W 7th St","Los Angeles","CA",90057,-118.281662624,34.058303254,-118.281843676,34.0581006334,-118.281481562,34.0585058649,"1200","2510 W 7th St,Los Angeles,CA,90057",6037
"035-012-014-000","6125 INDIAN SPRINGS RD","Loomis","CA",95650,-121.186991202,38.7765113637,-121.187432902,38.7751813201,-121.186555389,38.7778359172,"01","6125 INDIAN SPRINGS RD,Loomis,CA,95650",6061
"20106100560000","5706 PALMERA LN","Sacramento","CA",95835,-121.520357607,38.6790158797,-121.520567326,38.6788536225,-121.520156454,38.6791886036,NA,"5706 PALMERA LN,Sacramento,CA,95835",6067
"8711014002","30 Hidden Valley Rd","Phillips Ranch","CA",91766,-117.775262649,34.0276232941,-117.775428168,34.0274386255,-117.775114859,34.0278187617,"0101","30 Hidden Valley Rd,Phillips Ranch,CA,91766",6037
"8569006032","11280 Frankmont Ct","El Monte","CA",91732,-118.024980286,34.0823155472,-118.025096513,34.0821771145,-118.024863917,34.0824538612,"0100","11280 Frankmont Ct,El Monte,CA,91732",6037
"8375002028","2022 Evergreen St","La Verne","CA",91750,-117.76806568,34.1100725774,-117.768232407,34.1098804517,-117.767898586,34.1102640669,"0400","2022 Evergreen St,La Verne,CA,91750",6037
"058-340-001","75 HOP RANCH RD","Larkfield","CA",95403,-122.763858496,38.5073350935,-122.764064827,38.507197415,-122.763624555,38.5074621546,NA,"75 HOP RANCH RD,Larkfield,CA,95403",6097
"46115143","305 S MAPLE AVE","FRESNO","CA",93702,-119.745078018,36.7407881545,-119.745334101,36.7407174983,-119.744821934,36.7408588107,"11","305 S MAPLE AVE,FRESNO,CA,93702",6019
"066103007","1018 3RD W ST",NA,NA,94509,-121.819421922,38.0163368854,-121.819551607,38.0162683987,-121.8192913,38.0164050531,NA,"1018 3RD W ST,NA,NA,94509",6013
"305-120-017","32099 INDIAN RESERVATION RD","Poplar","CA",93257,-118.856216113,36.0303387016,-118.856872364,36.0285720722,-118.855216189,36.0319353879,NA,"32099 INDIAN RESERVATION RD,Poplar,CA,93257",6107
"5790019008","409 E Las Flores Ave","Arcadia","CA",91006,-118.02119829,34.1162995053,-118.021316951,34.1161180459,-118.021080374,34.1164801998,"0100","409 E Las Flores Ave,Arcadia,CA,91006",6037
"7411005101","26133 Frampton Ave","Harbor City","CA",90710,-118.300928334,33.7852622968,-118.301512842,33.7847610073,-118.300043528,33.7858401215,"010C","26133 Frampton Ave,Harbor City,CA,90710",6037
"053381125","1926 ANCHORAGE AVE",NA,NA,93285,-118.486632355,35.7186372044,-118.486891047,35.7183901998,-118.486376449,35.718860878,"0181","1926 ANCHORAGE AVE,NA,NA,93285",6029
"007-090-036-000","2513 WHITE AVE","Chico","CA",95973,-121.850554707,39.7617057473,-121.850805584,39.7615667892,-121.850310363,39.7618349692,"RS","2513 WHITE AVE,Chico,CA,95973",6007
"020225310","8531 AVALON CT","Alta Loma","CA",91701,-117.619928376,34.1279042529,-117.620047056,34.1277651467,-117.61980971,34.1280433657,"510","8531 AVALON CT,Alta Loma,CA,91701",6071
"138381020","10785 LABRADOR PL","Riverside","CA",92503,-117.46383956,33.8989772701,-117.464052633,33.898770744,-117.463626125,33.8991050506,NA,"10785 LABRADOR PL,Riverside,CA,92503",6065
"2060162230","112 TUJUNGA AVE","Oxnard","CA",93035,-119.22051378,34.1552664618,-119.220630054,34.1551607982,-119.220397508,34.1553721244,NA,"112 TUJUNGA AVE,Oxnard,CA,93035",6111
"06905100250000","11749 MELONES CIR","Gold River","CA",95670,-121.244253286,38.6303325838,-121.244500667,38.6301407629,-121.244021102,38.6305199782,NA,"11749 MELONES CIR,Gold River,CA,95670",6067
"187533002","3146 STONEGATE DR","Alamo","CA",94507,-122.004738233,37.8756141331,-122.005038444,37.8752931899,-122.004420416,37.87596446,NA,"3146 STONEGATE DR,Alamo,CA,94507",6013
"191070283","290 WALNUT DR","Arvin","CA",93203,-118.83733444,35.2074546288,-118.837565424,35.2073800774,-118.837103444,35.2075291825,"0101","290 WALNUT DR,Arvin,CA,93203",6029
"344107000000","3253 MERIDIAN BLVD",NA,NA,93546,-118.988151191,37.635246001,-118.988214155,37.6351922673,-118.988087987,37.6352989498,"HDR","3253 MERIDIAN BLVD,NA,NA,93546",6051
"543 024710700","4056 CARIBBEAN CMN","Fremont","CA",94555,-122.037720035,37.5725231155,-122.037802995,37.5724573018,-122.03763715,37.5725881525,"1500","4056 CARIBBEAN CMN,Fremont,CA,94555",6001
"5071017034","1621 Vineyard Ave",NA,"CA",90019,-118.337654831,34.046191473,-118.337907946,34.0460637791,-118.337401717,34.046319167,"010C","1621 Vineyard Ave,NA,CA,90019",6037
"4067011031","2709 W 164th St",NA,"CA",90504,-118.323255019,33.8821750826,-118.323337777,33.8820174139,-118.32317226,33.8823327554,"0100","2709 W 164th St,NA,CA,90504",6037
"041-180-011","2318 HEIDI PL","Larkfield","CA",95403,-122.737738582,38.4607525067,-122.737912228,38.4606551009,-122.737564937,38.4608499122,NA,"2318 HEIDI PL,Larkfield,CA,95403",6097
"7756721032","466 BROADWAY","Chula Vista","CA",91910,-117.091062718,32.6317432551,-117.09198376,32.6312565165,-117.090040001,32.6322523766,NA,"466 BROADWAY,Chula Vista,CA,91910",6073
"523203040","1808 GLOUCESTER DR","Bakersfield","CA",93311,-119.13203501,35.3376090354,-119.132278948,35.3374358342,-119.131776315,35.3377802525,"0101","1808 GLOUCESTER DR,Bakersfield,CA,93311",6029
"031070001000","34 LEE RD",NA,NA,93546,-118.995708869,37.6427387765,-118.996045513,37.6425765965,-118.99539288,37.6428604836,"HDR","34 LEE RD,NA,NA,93546",6051
"023128134","14865 HIBISCUS AVE","Fontana","CA",92335,-117.480889614,34.0884959683,-117.480997396,34.0883418608,-117.480781604,34.0886502728,"510","14865 HIBISCUS AVE,Fontana,CA,92335",6071
"012-046-09","32 JESSUP ST","San Rafael","CA",94901,-122.540001909,37.9731071956,-122.540122177,37.9730054494,-122.539882163,37.9732115219,"11","32 JESSUP ST,San Rafael,CA,94901",6041
"075-154-003","30972 FARR RD","Visalia","CA",93291,-119.413274282,36.3521739582,-119.413500893,36.3521045738,-119.413047532,36.352243379,NA,"30972 FARR RD,Visalia,CA,93291",6107
"2632702200","603 GLENCREST PL","Solana Beach","CA",92075,-117.261593429,32.9999623203,-117.261899221,32.9996747277,-117.261311491,33.0001710516,NA,"603 GLENCREST PL,Solana Beach,CA,92075",6073
"8232011006","10810 Lindesmith Ave","Whittier","CA",90603,-117.981493849,33.936053122,-117.981670211,33.9359554853,-117.981317464,33.9361509107,"0100","10810 Lindesmith Ave,Whittier,CA,90603",6037
"58106022S","5204 E APPALOOSA AVE","CLOVIS","CA",93619,-119.688893961,36.9056707019,-119.68948989,36.9047030799,-119.688000764,36.9064704583,"11","5204 E APPALOOSA AVE,CLOVIS,CA,93619",6019
"7411022060","26101 Vermont Ave","Harbor City","CA",90710,-118.297898132,33.7853906362,-118.298146521,33.7844958734,-118.297649934,33.7862857476,"010C","26101 Vermont Ave,Harbor City,CA,90710",6037
"031-392-004","1316 E Gutierrez St","Santa Barbara","CA",93103,-119.678881974,34.4298299959,-119.679123129,34.4296423966,-119.678640738,34.430017651,"0100","1316 E Gutierrez St,Santa Barbara,CA,93103",6083
"5696013028","335 W Maple St","Glendale","CA",91204,-118.259433424,34.1379087247,-118.259554404,34.1377498142,-118.259329646,34.1380880534,"0200","335 W Maple St,Glendale,CA,91204",6037
"055-110-065-000","164 HERRINGTON DR","Auburn","CA",95603,-121.072817359,38.8817874151,-121.073006288,38.881679493,-121.072628328,38.8818953099,"02","164 HERRINGTON DR,Auburn,CA,95603",6061
"031112138","405 W SHERWOOD BLVD","Big Bear City","CA",92314,-116.851272409,34.259970943,-116.851396551,34.2598330468,-116.851148267,34.26010884,"510","405 W SHERWOOD BLVD,Big Bear City,CA,92314",6071
"1833201200","1727 S HANNALEI DR","Vista","CA",92083,-117.226417061,33.1766598667,-117.226624688,33.1764585588,-117.226211132,33.176857473,NA,"1727 S HANNALEI DR,Vista,CA,92083",6073
"507272094","6711 KODIAK CT","Bakersfield","CA",93308,-119.076594839,35.3988309928,-119.076711326,35.3986687877,-119.076472848,35.3990021943,"0101","6711 KODIAK CT,Bakersfield,CA,93308",6029
"092301013","415 Amado St","Nipomo","CA",93444,-120.475985064,35.0311341063,-120.476242283,35.0309193137,-120.475728506,35.0313483211,NA,"415 Amado St,Nipomo,CA,93444",6079
"004-272-013","7830 ANTHONY ST","Freestone","CA",95472,-122.834323588,38.401646879,-122.834417564,38.4015062444,-122.834227934,38.4017864824,NA,"7830 ANTHONY ST,Freestone,CA,95472",6097
"02602330070000","5160 MCKELLAR AVE","Sacramento","CA",95824,-121.444324935,38.5185369149,-121.444412802,38.5183798728,-121.444237069,38.5186939564,NA,"5160 MCKELLAR AVE,Sacramento,CA,95824",6067
"116-070-013-000","5798 SUDAN RD",NA,NA,96140,-120.076059874,39.2352166886,-120.076356287,39.2350555291,-120.07576017,39.2353862833,"01","5798 SUDAN RD,NA,NA,96140",6061
"5529015047","1045 N Edinburgh Ave","West Hollywood","CA",90046,-118.364111908,34.0901052368,-118.364321461,34.0900334352,-118.363901287,34.0901767019,"0500","1045 N Edinburgh Ave,West Hollywood,CA,90046",6037
"525 012606000","1409 LEMOS LN","Fremont","CA",94539,-121.952206181,37.546057679,-121.9523981,37.5458913299,-121.952028856,37.5462176854,"1100","1409 LEMOS LN,Fremont,CA,94539",6001
"56909053","1432 MERRYWOOD DR","San Jose","CA",95118,-121.89105327,37.2493269877,-121.89120462,37.2491651037,-121.890901842,37.2494894804,NA,"1432 MERRYWOOD DR,San Jose,CA,95118",6085
"31307123","7100 E TULARE AVE","FRESNO","CA",93737,-119.661965269,36.7447436595,-119.663227569,36.7442460903,-119.66139092,36.7458449604,"11","7100 E TULARE AVE,FRESNO,CA,93737",6019
"080H158203000","1255 CUMBERLAND AVE","San Leandro","CA",94579,-122.153284274,37.6948344156,-122.153387919,37.6947001409,-122.153180635,37.6949687508,"1100","1255 CUMBERLAND AVE,San Leandro,CA,94579",6001
"009-221-064","1103 VALLEJO ST","Santa Rosa","CA",95404,-122.701355053,38.4378157156,-122.701547617,38.4376553689,-122.701160766,38.4379948796,NA,"1103 VALLEJO ST,Santa Rosa,CA,95404",6097
"2254012017","17648 Collins St","Encino","CA",91316,-118.517927056,34.1736332307,-118.518022018,34.1734954936,-118.517832094,34.1737709677,"0100","17648 Collins St,Encino,CA,91316",6037
"296070253","9800 SIERRA WAY","Kernville","CA",93238,-118.40073325,35.7091094598,-118.405400956,35.7073319589,-118.395894127,35.7109245324,"6020","9800 SIERRA WAY,Kernville,CA,93238",6029
"5202011034","2436 Lancaster Ave","Los Angeles","CA",90033,-118.19964092,34.0587666948,-118.199823959,34.0585664537,-118.199459787,34.0589707743,"0100","2436 Lancaster Ave,Los Angeles,CA,90033",6037
"033-083-08","44 PLAZA DR","Mill Valley","CA",94941,-122.517094532,37.9050457109,-122.517365092,37.9048891199,-122.516818559,37.9052050861,"11","44 PLAZA DR,Mill Valley,CA,94941",6041
"8120003012","13612 Loumont St","Whittier","CA",90601,-118.003530061,34.0330962364,-118.003722577,34.0327327552,-118.003350142,34.0334852557,"0100","13612 Loumont St,Whittier,CA,90601",6037
"616480029","80912 ROCKHURST DR","Chiriaco Smt","CA",92201,-116.252053919,33.6900361871,-116.252262248,33.6897776129,-116.251846128,33.6902871626,NA,"80912 ROCKHURST DR,Chiriaco Smt,CA,92201",6065
"068272004","2404 Hemlock Ave","Morro Bay","CA",93442,-120.853631852,35.3877300108,-120.853768689,35.3876485878,-120.853495009,35.387811781,NA,"2404 Hemlock Ave,Morro Bay,CA,93442",6079
"062-750-018-000","30 SIMPSON RANCH RD","Berry Creek","CA",95916,-121.396869537,39.6265584147,-121.397453264,39.6263716299,-121.396271936,39.6267378923,"RP","30 SIMPSON RANCH RD,Berry Creek,CA,95916",6007
"338213017","26258 TOPANGA WAY","Sun City","CA",92586,-117.20141633,33.6913320424,-117.201534542,33.6911820584,-117.201300139,33.6914788895,NA,"26258 TOPANGA WAY,Sun City,CA,92586",6065
"023011115","14171 ARROW BLVD","Fontana","CA",92335,-117.495985264,34.0987443984,-117.49609359,34.0983307436,-117.495876939,34.099158057,"510","14171 ARROW BLVD,Fontana,CA,92335",6071
"026938138","848 TERRACE RD","San Bernardino","CA",92410,-117.340898324,34.1150275209,-117.341081302,34.1148889134,-117.340698351,34.1151877551,"510","848 TERRACE RD,San Bernardino,CA,92410",6071
"051524407","43033 MANDRIL ST","Newberry Springs","CA",92365,-116.721425127,34.8917252038,-116.72194872,34.8913136318,-116.720901521,34.8921367363,"520","43033 MANDRIL ST,Newberry Springs,CA,92365",6071
"023012009000","1064 NARADA WAY","Livingston","CA",95334,-120.713228561,37.3950917779,-120.713411896,37.3950036008,-120.713046388,37.3951801774,"1001","1064 NARADA WAY,Livingston,CA,95334",6047
"1690210615","41076 VILLAGE 41","Camarillo","CA",93012,-118.975840337,34.2299032791,-118.9759456,34.2298248158,-118.975734929,34.2299817634,NA,"41076 VILLAGE 41,Camarillo,CA,93012",6111
"8602007033","2537 Freeborn St",NA,"CA",91010,-117.950082358,34.1454086048,-117.950190299,34.1452392107,-117.949975312,34.1455779076,"0101","2537 Freeborn St,NA,CA,91010",6037
"090364002","396 N Mallagh St","Nipomo","CA",93444,-120.482923113,35.0459968096,-120.483224788,35.0457621772,-120.482621765,35.0462317974,NA,"396 N Mallagh St,Nipomo,CA,93444",6079
"1531151100","1637 S TREMONT ST","Oceanside","CA",92054,-117.36470533,33.176391299,-117.364948185,33.1762134756,-117.364462785,33.1765703437,NA,"1637 S TREMONT ST,Oceanside,CA,92054",6073
"108234008","1292 SALEM DR","Corona","CA",92881,-117.549933335,33.8351493115,-117.550140087,33.8348984667,-117.549680924,33.8354196869,NA,"1292 SALEM DR,Corona,CA,92881",6065
"57549069","1612 VIA CAMPAGNA","San Jose","CA",95120,-121.902493517,37.2213490257,-121.902615649,37.2212397581,-121.902365762,37.2214579896,NA,"1612 VIA CAMPAGNA,San Jose,CA,95120",6085
"021073006000","915 BRENTWOOD AVE","Gustine","CA",95322,-121.003663807,37.2488621851,-121.003780876,37.2487067818,-121.00354416,37.2490134148,"101","915 BRENTWOOD AVE,Gustine,CA,95322",6047
"080 007801403","1596  166TH AVE","San Leandro","CA",94578,-122.10695339,37.6954454895,-122.107154329,37.6952833157,-122.106761985,37.6956133849,"1100","1596  166TH AVE,San Leandro,CA,94578",6001
"7723507342","1575 W VALLEY PKWY","Escondido","CA",92029,-117.102840606,33.1076083737,-117.104377198,33.106437987,-117.101011294,33.1089636109,NA,"1575 W VALLEY PKWY,Escondido,CA,92029",6073
"2158121351","7210 BLUE HERON PL","Carlsbad","CA",92011,-117.284059304,33.1009196281,-117.284251774,33.1007474332,-117.283817557,33.1011020588,NA,"7210 BLUE HERON PL,Carlsbad,CA,92011",6073
"8029033034","10729 Telechron Ave","Whittier","CA",90605,-118.039714371,33.934514037,-118.039899478,33.9343326637,-118.039528692,33.9347241962,"0500","10729 Telechron Ave,Whittier,CA,90605",6037
"029530209","32332 INADALE CT",NA,NA,92382,-117.097883443,34.2073973596,-117.097983266,34.2072322394,-117.097783619,34.2075624804,"510","32332 INADALE CT,NA,NA,92382",6071
"842080005","765 N 7TH ST","Blythe","CA",92225,-114.589045264,33.6219158835,-114.589654631,33.6215119393,-114.588436147,33.6223267981,NA,"765 N 7TH ST,Blythe,CA,92225",6065
"7446009014","1288 W Ofarrell St","San Pedro","CA",90732,-118.303923962,33.746389026,-118.303990487,33.7462237248,-118.303857446,33.7465543955,"0100","1288 W Ofarrell St,San Pedro,CA,90732",6037
"020167219","11088 GETTYSBURG DR","Alta Loma","CA",91737,-117.561804208,34.1485412323,-117.561947214,34.1483543273,-117.561643187,34.1487238265,"510","11088 GETTYSBURG DR,Alta Loma,CA,91737",6071
"1402048","6909 CALIFORNIA ST","San Francisco","CA",94121,-122.491698461,37.7833336013,-122.491751376,37.7831978897,-122.491645545,37.7834693001,NA,"6909 CALIFORNIA ST,San Francisco,CA,94121",6075
"3156120100","10481 SCRIPPS POWAY PKWY","San Diego","CA",92131,-117.102559774,32.9366536441,-117.103488412,32.9359555409,-117.101758703,32.937263761,NA,"10481 SCRIPPS POWAY PKWY,San Diego,CA,92131",6073
"4458021078","23901 Civic Center Way","Malibu","CA",90265,-118.695525979,34.036182145,-118.696187534,34.0354538207,-118.694856535,34.0369094865,"010C","23901 Civic Center Way,Malibu,CA,90265",6037
"04321002","2623 W CLEMENCEAU AVE","CARUTHERS","CA",93609,-119.837754738,36.5359780754,-119.837924662,36.5357725632,-119.837584647,36.5361836613,"11","2623 W CLEMENCEAU AVE,CARUTHERS,CA,93609",6019
"2810078019","24415 El Molina Ave","Valencia","CA",91355,-118.5695345,34.4458455435,-118.56965538,34.4456941683,-118.569428506,34.4460030982,"0100","24415 El Molina Ave,Valencia,CA,91355",6037
"032-081-34","606   37TH AVE","Santa Cruz","CA",95062,-121.968298551,36.9610338609,-121.968437251,36.9609230971,-121.968160643,36.9611453618,"020","606   37TH AVE,Santa Cruz,CA,95062",6087
"3091320400","8230 TERESA DR","San Diego","CA",92126,-117.146548825,32.9256059487,-117.146662992,32.9254397003,-117.1464113,32.9257549136,NA,"8230 TERESA DR,San Diego,CA,92126",6073
"1584000801","4241 MESA VISTA WAY","Oceanside","CA",92057,-117.310972418,33.2291245951,-117.312177037,33.2285217096,-117.309993448,33.2297169912,NA,"4241 MESA VISTA WAY,Oceanside,CA,92057",6073
"091-121-053","235 E BUENA VISTA AVE","Visalia","CA",93291,-119.290503448,36.3466301094,-119.290603339,36.3464623851,-119.290403555,36.3467978352,NA,"235 E BUENA VISTA AVE,Visalia,CA,93291",6107
"1600220315","3200 CORTE MALPASO","Camarillo","CA",93012,-119.027432597,34.2219160482,-119.027525981,34.2218864889,-119.027347053,34.2219470673,NA,"3200 CORTE MALPASO,Camarillo,CA,93012",6111
"26105300070000","8637 WESTHAVEN DR","Orangevale","CA",95662,-121.2323925,38.6819571803,-121.232601779,38.6817215879,-121.232184948,38.6821925084,NA,"8637 WESTHAVEN DR,Orangevale,CA,95662",6067
"519 145310900","44243 LUPINE PL","Fremont","CA",94539,-121.935595772,37.5134328817,-121.93581338,37.5133137086,-121.935359295,37.5135369341,"1100","44243 LUPINE PL,Fremont,CA,94539",6001
"6125019003","16322 S Figueroa St","Gardena","CA",90248,-118.282249356,33.8830530664,-118.282467809,33.8829451355,-118.282032211,33.883161441,"3100","16322 S Figueroa St,Gardena,CA,90248",6037
"3162009032","17106 E Avenue K8","Hi Vista","CA",93535,-117.824654647,34.6673311424,-117.825207869,34.6668513863,-117.824102528,34.6678111893,"0100","17106 E Avenue K8,Hi Vista,CA,93535",6037
"37507112","112 10TH ST","ORANGE COVE","CA",93646,-119.317342495,36.6313557539,-119.317595987,36.6312492497,-119.317088137,36.6314621698,"11","112 10TH ST,ORANGE COVE,CA,93646",6019
"077B122601200","3427 MONOGRAM ST","San Leandro","CA",94577,-122.145552797,37.7040147976,-122.145680113,37.7039102608,-122.145425865,37.704119076,"1100","3427 MONOGRAM ST,San Leandro,CA,94577",6001
"3001050026","41165 Ridgegate Ln","City Ranch","CA",93551,-118.224454795,34.6299561823,-118.224885046,34.6296683886,-118.224065588,34.6301604055,"0100","41165 Ridgegate Ln,City Ranch,CA,93551",6037
"5480012002","5905 Tipton Way",NA,"CA",90042,-118.190834493,34.1299851984,-118.19096139,34.1297832231,-118.19070761,34.1301871613,"0100","5905 Tipton Way,NA,CA,90042",6037
"438131021","3205 OAKRIDGE DR","Bakersfield","CA",93306,-118.926600277,35.4024012854,-118.926802734,35.4022960184,-118.926396663,35.4025072025,"0101","3205 OAKRIDGE DR,Bakersfield,CA,93306",6029
"13201820040000","140 PRIMASING AVE","Courtland","CA",95615,-121.569291713,38.3309033329,-121.56946196,38.3307467778,-121.569123094,38.3310600576,NA,"140 PRIMASING AVE,Courtland,CA,95615",6067
"4264007044","12919 Montana Ave","Los Angeles","CA",90049,-118.482738776,34.0425437112,-118.482984971,34.0423410989,-118.482492559,34.0427463189,"010C","12919 Montana Ave,Los Angeles,CA,90049",6037
"299-125-006","937 E JOANNE AVE","Pixley","CA",93256,-119.286828646,35.9663644757,-119.286925355,35.9661663838,-119.286735418,35.9665763321,NA,"937 E JOANNE AVE,Pixley,CA,93256",6107
"101157409","1321 S AZALEA AVE","Ontario","CA",91762,-117.671005659,34.0484702194,-117.671213669,34.048336084,-117.670811683,34.0486312222,"510","1321 S AZALEA AVE,Ontario,CA,91762",6071
"4059010009","2903 W 140th St","Gardena","CA",90249,-118.324171199,33.9047037213,-118.32426627,33.9045651722,-118.324074677,33.904840154,"0100","2903 W 140th St,Gardena,CA,90249",6037
"2264004026","4655 Halbrent Ave","Sherman Oaks","CA",91403,-118.465176881,34.1556115599,-118.465391844,34.155529011,-118.464961919,34.1556941089,"0101","4655 Halbrent Ave,Sherman Oaks,CA,91403",6037
"56821014","2626 E DEYOUNG DR","FRESNO","CA",93720,-119.736948031,36.8737232211,-119.737080323,36.8735282795,-119.736818468,36.8739140381,"11","2626 E DEYOUNG DR,FRESNO,CA,93720",6019
"8000052365","329 SPRUCEWOOD AVE","Oak Park","CA",91377,-118.758712917,34.1758090619,-118.758818501,34.1757431858,-118.758587786,34.1758733938,NA,"329 SPRUCEWOOD AVE,Oak Park,CA,91377",6111
"5063011016","2320 S Dunsmuir Ave","Los Angeles","CA",90016,-118.357560048,34.036579041,-118.357786442,34.0364645843,-118.357333679,34.0366934883,"0100","2320 S Dunsmuir Ave,Los Angeles,CA,90016",6037
"392420043","27570 ROSEBUD ST","Murrieta","CA",92562,-117.178773234,33.6027841823,-117.178839533,33.6026674325,-117.178707621,33.6028990324,NA,"27570 ROSEBUD ST,Murrieta,CA,92562",6065
"1634700431","363 N MELROSE DR","Vista","CA",92083,-117.254920322,33.2021676827,-117.255264437,33.2012408053,-117.254545277,33.2031539244,NA,"363 N MELROSE DR,Vista,CA,92083",6073
"48439100","2352 SUMMER CT","San Jose","CA",95116,-121.835982932,37.3538512084,-121.836232734,37.3537332911,-121.835731845,37.3539899064,NA,"2352 SUMMER CT,San Jose,CA,95116",6085
"611262009","83482 EMERALD AVE","Chiriaco Smt","CA",92201,-116.20946906,33.7275710592,-116.209630342,33.7273744157,-116.20926067,33.7277497225,NA,"83482 EMERALD AVE,Chiriaco Smt,CA,92201",6065
"483 004300500","31222 SAN ANDREAS DR","Union City","CA",94587,-122.065521999,37.5972841724,-122.065700289,37.5971152483,-122.0653584,37.5974588439,"1100","31222 SAN ANDREAS DR,Union City,CA,94587",6001
"48135112","2126 NOTTOWAY AVE","San Jose","CA",95116,-121.836164668,37.3450210614,-121.836332189,37.3448755262,-121.835997246,37.3451664963,NA,"2126 NOTTOWAY AVE,San Jose,CA,95116",6085
"3833524700","8709 WAHL ST","Santee","CA",92071,-117.035853979,32.8362668324,-117.035904776,32.8361745474,-117.03580461,32.8363609407,NA,"8709 WAHL ST,Santee,CA,92071",6073
"4089035024","18836 Roselle Ave","Torrance","CA",90504,-118.342948931,33.8592501163,-118.343112893,33.8591735064,-118.342784993,33.8593267233,"0100","18836 Roselle Ave,Torrance,CA,90504",6037
"520171005","5625 HAZEL AVE","Richmond","CA",94805,-122.318121561,37.9390640085,-122.318265749,37.9388934538,-122.317977016,37.9392345964,NA,"5625 HAZEL AVE,Richmond,CA,94805",6013
"079-080-016-000","145 MELROSE DR","Oroville","CA",95966,-121.503478382,39.4947774144,-121.503633652,39.4945607039,-121.503316535,39.4949984373,"RS","145 MELROSE DR,Oroville,CA,95966",6007
"1540406100","1734 FIRE MOUNTAIN DR","Oceanside","CA",92054,-117.350442503,33.186422176,-117.351010824,33.1857851578,-117.349883572,33.1868820183,NA,"1734 FIRE MOUNTAIN DR,Oceanside,CA,92054",6073
"0528043","1662 UNION ST","San Francisco","CA",94123,-122.426705375,37.7984930459,-122.426795685,37.7982999451,-122.426615064,37.7986861468,NA,"1662 UNION ST,San Francisco,CA,94123",6075
"108733106","5685 CARMELLO CT","Etiwanda","CA",91739,-117.526529622,34.1510584797,-117.526749771,34.1509333707,-117.526293235,34.1511933806,"510","5685 CARMELLO CT,Etiwanda,CA,91739",6071
"44931225","2020 W DENNETT AVE","FRESNO","CA",93728,-119.834875102,36.755502016,-119.835020646,36.7553710718,-119.834729557,36.7556329601,"11","2020 W DENNETT AVE,FRESNO,CA,93728",6019
"4218020008","11916 Culver Dr","Culver City","CA",90230,-118.409328138,33.9905065918,-118.409433463,33.9904038203,-118.409222809,33.9906093707,"0100","11916 Culver Dr,Culver City,CA,90230",6037
"5032803200","8604 VALENCIA ST","Spring Valley","CA",91977,-117.014294519,32.7348040419,-117.014388459,32.7346934006,-117.014203088,32.7349156171,NA,"8604 VALENCIA ST,Spring Valley,CA,91977",6073
"18907093","1876 MIRAMONTE AVE","Mountain View","CA",94040,-122.087433569,37.3696726024,-122.087657561,37.3695594312,-122.087209422,37.3697860222,NA,"1876 MIRAMONTE AVE,Mountain View,CA,94040",6085
"100618161","1494 N ERIN AVE","Upland","CA",91786,-117.668928139,34.1175930887,-117.669171711,34.1173714715,-117.668699654,34.1177551622,"510","1494 N ERIN AVE,Upland,CA,91786",6071
"4114012009","7371 W 83rd St","Los Angeles","CA",90045,-118.425137314,33.9616693976,-118.425219687,33.961516989,-118.42505374,33.961819172,"0100","7371 W 83rd St,Los Angeles,CA,90045",6037
"113361129","19135 KNOLLWOOD AVE","Rialto","CA",92377,-117.386329865,34.1505246946,-117.386587971,34.1503159648,-117.38609245,34.1507177975,"510","19135 KNOLLWOOD AVE,Rialto,CA,92377",6071
"8008009009","10146 Orr And Day Rd","Santa Fe Spgs","CA",90670,-118.090104249,33.9448156146,-118.090284585,33.9447404654,-118.089923527,33.9448908763,"0100","10146 Orr And Day Rd,Santa Fe Spgs,CA,90670",6037
"097-223-007","1706 S THOMAS ST","Visalia","CA",93292,-119.285378548,36.3155164977,-119.285553082,36.3154063402,-119.285204014,36.3156266552,NA,"1706 S THOMAS ST,Visalia,CA,93292",6107
"425380011","14934 HIGHWAY 178","Lake Isabella","CA",93240,-118.365922594,35.6438681031,-118.366342338,35.6434551592,-118.365625368,35.644410537,"1613","14934 HIGHWAY 178,Lake Isabella,CA,93240",6029
"8034016029","15204 Loretta Dr","La Mirada","CA",90638,-118.007925509,33.9208300407,-118.008090085,33.9206853482,-118.007761577,33.9209643564,"0100","15204 Loretta Dr,La Mirada,CA,90638",6037
"6243007022","11326 Utah Ave","South Gate","CA",90280,-118.169777942,33.9226156106,-118.169988576,33.9225462536,-118.169566635,33.9226858292,"0100","11326 Utah Ave,South Gate,CA,90280",6037
"380220042","109 WINDHOVER WAY","Martinez","CA",94553,-122.096874395,38.0103058031,-122.097166451,38.0101616283,-122.096580406,38.0104188122,NA,"109 WINDHOVER WAY,Martinez,CA,94553",6013
"0477020","1043 FRANCISCO ST","San Francisco","CA",94109,-122.422339121,37.8032548097,-122.422435689,37.8030607652,-122.422242556,37.8034488325,NA,"1043 FRANCISCO ST,San Francisco,CA,94109",6075
"400360021","966 HIDDEN OAKS DR","Beaumont","CA",92223,-117.002137219,33.954000142,-117.0023436,33.9537839027,-117.001905887,33.9541950238,NA,"966 HIDDEN OAKS DR,Beaumont,CA,92223",6065
"021062366","11100 4TH ST","Rancho Cucamonga","CA",91730,-117.564039262,34.0782905676,-117.564122247,34.0782621933,-117.563956278,34.0783189411,"621","11100 4TH ST,Rancho Cucamonga,CA,91730",6071
"5375004007","6696 Kimdale Rd","San Gabriel","CA",91775,-118.088212954,34.1199927273,-118.08837831,34.1198941248,-118.088064898,34.1201119254,"0100","6696 Kimdale Rd,San Gabriel,CA,91775",6037
"3762011","518 BRYANT ST","San Francisco","CA",94107,-122.396547785,37.7810740434,-122.396670031,37.7809768722,-122.39642554,37.7811712145,NA,"518 BRYANT ST,San Francisco,CA,94107",6075
"1667610400","1168 LA TORTUGA DR","Vista","CA",92081,-117.264233915,33.1894843168,-117.264593876,33.1892144877,-117.263920113,33.1897781725,NA,"1168 LA TORTUGA DR,Vista,CA,92081",6073
"6178001015","708 E Palmer St","Compton","CA",90221,-118.215544545,33.8980706814,-118.215629349,33.8979168539,-118.215459715,33.8982242353,"0100","708 E Palmer St,Compton,CA,90221",6037
"180-130-004","2013 ROLLING HILL DR","Santa Rosa","CA",95404,-122.703268286,38.4656051201,-122.703552407,38.4654476899,-122.703008545,38.4657663798,NA,"2013 ROLLING HILL DR,Santa Rosa,CA,95404",6097
"026125425","2655 BELMONT AVE","Arrowhead Farms","CA",92407,-117.349250209,34.195938358,-117.34943155,34.1957664899,-117.34906878,34.1961100167,"510","2655 BELMONT AVE,Arrowhead Farms,CA,92407",6071
"048 560400300","2512   98TH AVE","Oakland","CA",94605,-122.157338059,37.7501865461,-122.157475626,37.7500414047,-122.157200493,37.7503316864,"1100","2512   98TH AVE,Oakland,CA,94605",6001
"12103200090000","8040 CAYMUS DR","Sacramento","CA",95829,-121.364774979,38.4655386061,-121.365010163,38.4654654062,-121.364541633,38.4656128189,NA,"8040 CAYMUS DR,Sacramento,CA,95829",6067
"2607004035","17163 Lorillard St","Granada Hills","CA",91344,-118.506950919,34.2844952125,-118.507163734,34.2842997525,-118.506773549,34.2846553069,"0100","17163 Lorillard St,Granada Hills,CA,91344",6037
"172260010","2715 OAK RD","Walnut Creek","CA",94597,-122.058667716,37.9225856601,-122.058712177,37.9225359414,-122.058618024,37.9226388931,NA,"2715 OAK RD,Walnut Creek,CA,94597",6013
"223244031","2923 ARLINGTON AVE","Riverside","CA",92506,-117.375301371,33.946718133,-117.375425877,33.9465473219,-117.375174703,33.9468876179,NA,"2923 ARLINGTON AVE,Riverside,CA,92506",6065
"320-142-012","23742 PALM AVE","Terra Bella",NA,93270,-119.040927027,35.9579480283,-119.041052599,35.9577996813,-119.040800889,35.958096488,NA,"23742 PALM AVE,Terra Bella,NA,93270",6107
"309471114","13632 DEL CERRO ST","Victorville","CA",92392,-117.368413267,34.4981648451,-117.368590527,34.4980717895,-117.368232061,34.4982559828,"510","13632 DEL CERRO ST,Victorville,CA,92392",6071
"446320023","658 MONTEREY PL","Hemet","CA",92543,-116.965592959,33.7303913502,-116.965695376,33.7302337728,-116.96547986,33.7305279846,NA,"658 MONTEREY PL,Hemet,CA,92543",6065
"5291005020","309 Westminster Ave",NA,"CA",91803,-118.156552317,34.0890281619,-118.156774129,34.0889602182,-118.156330616,34.0890960933,"0100","309 Westminster Ave,NA,CA,91803",6037
"1578122100","4410 NAVARRO ST","Oceanside","CA",92057,-117.321212593,33.243124944,-117.321327289,33.2429142257,-117.321093215,33.2433509791,NA,"4410 NAVARRO ST,Oceanside,CA,92057",6073
"031051316","43554 BOW CANYON RD",NA,NA,92314,-116.851575941,34.2283658359,-116.85178759,34.2281890544,-116.851360487,34.2285392748,"510","43554 BOW CANYON RD,NA,NA,92314",6071
"2381042","2414 45TH AVE","San Francisco","CA",94116,-122.503305025,37.7414835367,-122.503406706,37.7414448787,-122.503203346,37.7415221951,NA,"2414 45TH AVE,San Francisco,CA,94116",6075
"033539111","584 CLARK DR",NA,NA,92407,-117.209248882,34.2427257183,-117.209393662,34.2425343268,-117.209077,34.2429059245,"510","584 CLARK DR,NA,NA,92407",6071
"032010039000","2157 SAGE CANYON RD",NA,NA,94558,-122.325537499,38.4861849925,-122.327318326,38.4824785867,-122.323888231,38.4903182876,"32","2157 SAGE CANYON RD,NA,NA,94558",6055
"455-020-027-000","3204 HALVERSON WAY","Roseville","CA",95661,-121.226422575,38.7665919904,-121.226611856,38.7664147674,-121.22623343,38.7667691884,"01","3204 HALVERSON WAY,Roseville,CA,95661",6061
"2623028002","13084 Kamloops St","Hansen Hills","CA",91331,-118.417303212,34.2507356696,-118.417524435,34.2505398795,-118.417081974,34.250931473,"0100","13084 Kamloops St,Hansen Hills,CA,91331",6037
"002108006000","308 ALAMEDA AVE","Chowchilla","CA",93610,-120.257969924,37.1191511657,-120.258194686,37.1189655098,-120.257745125,37.1193369128,"RXXV","308 ALAMEDA AVE,Chowchilla,CA,93610",6039
"2201305031","429 AUTUMN DR","San Marcos","CA",92069,-117.171238797,33.1434440145,-117.17190942,33.1426536571,-117.170569383,33.1442289475,NA,"429 AUTUMN DR,San Marcos,CA,92069",6073
"105-161-46","165 BUNKER HL","Aptos","CA",95003,-121.853064429,36.9937716546,-121.853451102,36.9933950194,-121.852533312,36.9942591008,"061","165 BUNKER HL,Aptos,CA,95003",6087
"10921140","149 OTTER LN","Whitethorn","CA",95589,-124.063000941,40.0414154163,-124.063316046,40.0412698808,-124.062647777,40.0415817654,"R-1-Q-D-V","149 OTTER LN,Whitethorn,CA,95589",6023
"4524501700","1015 MYRTLE WAY","San Diego","CA",92103,-117.153639399,32.741751152,-117.153823969,32.7416647013,-117.153456349,32.741835176,NA,"1015 MYRTLE WAY,San Diego,CA,92103",6073
"6190180185","1729 BLUESAGE CT","Simi Valley","CA",93065,-118.764964462,34.2903106218,-118.765099176,34.2901032394,-118.764830801,34.2905189461,NA,"1729 BLUESAGE CT,Simi Valley,CA,93065",6111
"6420255245","1424 MORENO DR","Santa Susana","CA",93063,-118.729560414,34.2652155213,-118.729718918,34.2651606269,-118.729403714,34.2652706432,NA,"1424 MORENO DR,Santa Susana,CA,93063",6111
"4141016084","4851 W 115th St","Hawthorne","CA",90250,-118.362730705,33.9306854337,-118.362918582,33.9306290232,-118.362582316,33.9307552819,"010D","4851 W 115th St,Hawthorne,CA,90250",6037
"6378008014","9202 Balfour St","Pico Rivera","CA",90660,-118.088873815,33.987262339,-118.089087053,33.9870510255,-118.088660779,33.9874609837,"0100","9202 Balfour St,Pico Rivera,CA,90660",6037
"066-203-01-1","25185 S CENTER ST","Los Molinos","CA",96055,-122.097344697,40.02090683,-122.097486361,40.0207274189,-122.097203031,40.0210862408,"051","25185 S CENTER ST,Los Molinos,CA,96055",6103
"02374327","2262 UTAH AVE","S Lake Tahoe","CA",96150,-120.001567805,38.9245023749,-120.001771959,38.9243645585,-120.001364633,38.9246399828,"11","2262 UTAH AVE,S Lake Tahoe,CA,96150",6017
"173-560-017","1900 BENT TREE PL","Santa Rosa","CA",95404,-122.705431118,38.4840412902,-122.705671301,38.4837976892,-122.705180598,38.4843591351,NA,"1900 BENT TREE PL,Santa Rosa,CA,95404",6097
"8037051007","16359 Creekside Pl","La Mirada","CA",90638,-117.981148924,33.9079848005,-117.981600069,33.9073451077,-117.980620348,33.9085831216,"010D","16359 Creekside Pl,La Mirada,CA,90638",6037
"163312008","8110 HAVEN VIEW DR","Riverside","CA",92509,-117.460040066,33.9740165612,-117.460263747,33.9738864652,-117.459817796,33.9741477767,NA,"8110 HAVEN VIEW DR,Riverside,CA,92509",6065
"211211001","2788 9TH ST","Riverside","CA",92507,-117.364343892,33.975575623,-117.364586679,33.9753240123,-117.364100355,33.975826638,NA,"2788 9TH ST,Riverside,CA,92507",6065
"4662430600","4755 51ST ST","San Diego","CA",92115,-117.0849647,32.7641236189,-117.085134861,32.7640105193,-117.084794974,32.7642353578,NA,"4755 51ST ST,San Diego,CA,92115",6073
"6003010001","1258 W 59th St","August F. Haw","CA",90044,-118.297858192,33.987330306,-118.297924644,33.9872203311,-118.29779176,33.9874402764,"0100","1258 W 59th St,August F. Haw,CA,90044",6037
"067072124","304 N FLORENCE ST","Ridgecrest","CA",93555,-117.67733291,35.6265020964,-117.677551909,35.6264219673,-117.677113892,35.626582225,"0101","304 N FLORENCE ST,Ridgecrest,CA,93555",6029
"3103025043","4000 W Avenue L2","Del Sur","CA",93536,-118.201579129,34.658059937,-118.201697556,34.6578542219,-118.201457152,34.6582707187,"0100","4000 W Avenue L2,Del Sur,CA,93536",6037
"01102320120000","5425 2ND AVE","Sacramento","CA",95817,-121.441757565,38.5509049792,-121.441985762,38.5508331346,-121.441530111,38.5509772889,NA,"5425 2ND AVE,Sacramento,CA,95817",6067
"030-510-004-000","5141 PAR FOUR WAY","Butte Valley","CA",95965,-121.636535722,39.4932167799,-121.637759009,39.4922946852,-121.635699133,39.4941980574,"RZ","5141 PAR FOUR WAY,Butte Valley,CA,95965",6007
"038172021","1256  17th St","Los Osos","CA",93402,-120.824066323,35.3289500356,-120.824276115,35.3288806522,-120.82385653,35.3290194189,NA,"1256  17th St,Los Osos,CA,93402",6079
"6168005019","11817 Lindbergh Ave","Lynwood","CA",90262,-118.213358113,33.921489475,-118.213528743,33.9213614989,-118.213201193,33.9216073681,"0100","11817 Lindbergh Ave,Lynwood,CA,90262",6037
"625072030","44520 SANTA MARGARITA AVE","Palm Desert","CA",92260,-116.367508374,33.7251328745,-116.367812701,33.7248928238,-116.367221234,33.725284474,NA,"44520 SANTA MARGARITA AVE,Palm Desert,CA,92260",6065
"16025047","36275 E KINGS CANYON RD","DUNLAP","CA",93621,-119.165423052,36.7578980445,-119.166308398,36.757306952,-119.164534177,36.7584825325,"11","36275 E KINGS CANYON RD,DUNLAP,CA,93621",6019
"5350017020","1218 Edith Ave","Alhambra","CA",91803,-118.135854336,34.0785915078,-118.135939076,34.0784995695,-118.1357697,34.0786837278,"0100","1218 Edith Ave,Alhambra,CA,91803",6037
"15001230250000","335 PALIN AVE","Galt","CA",95632,-121.30230155,38.2608107439,-121.302536896,38.260726853,-121.302066258,38.260894629,NA,"335 PALIN AVE,Galt,CA,95632",6067
"6318015035","3530 E 60th Pl",NA,"CA",90255,-118.201427908,33.9857483163,-118.201522664,33.9855531098,-118.201332446,33.9859427181,"0200","3530 E 60th Pl,NA,CA,90255",6037
"22507610110000","2189 COROVAL DR","Sacramento","CA",95833,-121.511755108,38.6209477087,-121.511891732,38.6207974625,-121.51161798,38.6210980247,NA,"2189 COROVAL DR,Sacramento,CA,95833",6067
"3856011000","10449 PINE FLAT WAY","Nevada City","CA",95959,-120.932659462,39.284564707,-120.934258928,39.2832989254,-120.931552293,39.2857828435,NA,"10449 PINE FLAT WAY,Nevada City,CA,95959",6057
"073-062-021","2685 BURNSIDE RD","Freestone","CA",95472,-122.870766814,38.3725861504,-122.871551509,38.3723459355,-122.870036763,38.3728823312,NA,"2685 BURNSIDE RD,Freestone,CA,95472",6097
"128-036-013","808 Stokes Ave","Santa Maria","CA",93454,-120.415250375,34.9606237113,-120.415419237,34.960538407,-120.415081513,34.9607090169,"0100","808 Stokes Ave,Santa Maria,CA,93454",6083
"5764034012","622 Valle Vista Dr","Sierra Madre","CA",91024,-118.038948479,34.168778878,-118.03918324,34.1685445303,-118.038714154,34.169014199,"0101","622 Valle Vista Dr,Sierra Madre,CA,91024",6037
"5771005021","1670 Alta Oaks Dr","Arcadia","CA",91006,-118.027168161,34.1612652591,-118.027331488,34.1610729432,-118.026961022,34.1614008075,"0101","1670 Alta Oaks Dr,Arcadia,CA,91006",6037
"2428008W","1624 VICENTE ST","San Francisco","CA",94116,-122.484512795,37.7391721878,-122.484564967,37.7390331961,-122.484460642,37.7393111572,NA,"1624 VICENTE ST,San Francisco,CA,94116",6075
"054322025000","46756 PICAYUNE CREEK RD","Coarsegold","CA",93614,-119.69491972,37.2179251061,-119.695935372,37.2172538148,-119.69429365,37.2184878352,"RAXX","46756 PICAYUNE CREEK RD,Coarsegold,CA,93614",6039
"4178009011","1908 The Strand","Manhattan Bch","CA",90266,-118.414371985,33.8896065691,-118.414547081,33.8895122096,-118.414197373,33.8897011018,"0100","1908 The Strand,Manhattan Bch,CA,90266",6037
"189280023","1617 SKYCREST DR","Walnut Creek","CA",94595,-122.087953185,37.8778105715,-122.088038854,37.877755314,-122.087864778,37.8778612338,NA,"1617 SKYCREST DR,Walnut Creek,CA,94595",6013
"206390008","614 DUNHILL DR","Blackhawk","CA",94506,-121.916597248,37.7942430506,-121.916753993,37.7940839781,-121.91644039,37.7944040378,NA,"614 DUNHILL DR,Blackhawk,CA,94506",6013
"102368114","2048 MIRAMONTE CT","Chino Hills","CA",91709,-117.759301137,34.009607316,-117.759571074,34.0094610145,-117.759003771,34.0097799505,"510","2048 MIRAMONTE CT,Chino Hills,CA,91709",6071
"107781130","11257 TERRA VISTA PKWY","Rancho Cucamonga","CA",91730,-117.559348477,34.1176821893,-117.559416074,34.1176501187,-117.559280881,34.1177142591,"530","11257 TERRA VISTA PKWY,Rancho Cucamonga,CA,91730",6071
"27902032","600 S BAYWOOD AVE","San Jose","CA",95128,-121.945416945,37.3158465898,-121.945601286,37.3157438319,-121.94523245,37.3159524706,NA,"600 S BAYWOOD AVE,San Jose,CA,95128",6085
"4267035024","12400 Wilshire Blvd","Los Angeles","CA",90025,-118.469882556,34.0416895317,-118.470370363,34.0412552283,-118.469532954,34.0422109055,"1707","12400 Wilshire Blvd,Los Angeles,CA,90025",6037
"045-172-016","4900 PETALUMA HILL RD","Santa Rosa","CA",95404,-122.678729224,38.378008869,-122.679623092,38.3776641168,-122.677976752,38.3783610008,NA,"4900 PETALUMA HILL RD,Santa Rosa,CA,95404",6097
"5093025081","727 S Ardmore Ave","Los Angeles","CA",90005,-118.302300715,34.0590197133,-118.30253102,34.0587486195,-118.302083569,34.0593047748,"010C","727 S Ardmore Ave,Los Angeles,CA,90005",6037
"2822634500","1473 H ST","Ramona","CA",92065,-116.872556574,33.033815805,-116.87268522,33.0336812321,-116.87242648,33.0339527684,NA,"1473 H ST,Ramona,CA,92065",6073
"7014002008","16421 Pioneer Blvd","Norwalk","CA",90650,-118.083750089,33.8816716711,-118.084547557,33.8815091127,-118.082952837,33.8818342118,"3100","16421 Pioneer Blvd,Norwalk,CA,90650",6037
"946 337806800","1445 HARVEST RD","Pleasanton","CA",94566,-121.883091698,37.670090715,-121.883325541,37.6698931504,-121.882860917,37.6702631069,"1100","1445 HARVEST RD,Pleasanton,CA,94566",6001
"109-370-011","610 Sunrise Dr","Santa Maria","CA",93455,-120.431728033,34.9073994926,-120.431807854,34.9073447878,-120.431643292,34.9074337696,"0300","610 Sunrise Dr,Santa Maria,CA,93455",6083
"022643242","5766 SANTA YNEZ PL","Etiwanda","CA",91739,-117.498978532,34.149365699,-117.499167902,34.1492234843,-117.498789162,34.1495079112,"510","5766 SANTA YNEZ PL,Etiwanda,CA,91739",6071
"066-570-036","9552 WELLINGTON CIR","Windsor","CA",95492,-122.831800197,38.5508476559,-122.831973702,38.550672994,-122.831658459,38.5509912745,NA,"9552 WELLINGTON CIR,Windsor,CA,95492",6097
"030370115","33965 LAKE BREEZE DR","Oak Glen","CA",92399,-117.063649812,34.0367280316,-117.063846381,34.036474272,-117.063440111,34.0369881495,"532","33965 LAKE BREEZE DR,Oak Glen,CA,92399",6071
"1372027A","174 FUNSTON AVE","San Francisco","CA",94118,-122.471758532,37.7849726216,-122.471968303,37.7849289561,-122.471548762,37.7850162876,NA,"174 FUNSTON AVE,San Francisco,CA,94118",6075
"5191019003","3516 Hunter St","Los Angeles","CA",90023,-118.202174822,34.0193696406,-118.202242145,34.0192301058,-118.202107495,34.0195091479,"0100","3516 Hunter St,Los Angeles,CA,90023",6037
"7203004078","883 W 34th St","Long Beach","CA",90806,-118.203541344,33.8192296316,-118.204275334,33.818966241,-118.201910807,33.8197980207,"010C","883 W 34th St,Long Beach,CA,90806",6037
"824194004","2291 W HOBSONWAY","Blythe","CA",92225,-114.63163096,33.6105679008,-114.632019061,33.6101880094,-114.631253454,33.6109385359,NA,"2291 W HOBSONWAY,Blythe,CA,92225",6065
"010580029","1910 CELLINI TER","Brentwood","CA",94513,-121.72872733,37.9105710084,-121.728900625,37.9104164349,-121.728554035,37.9107255812,NA,"1910 CELLINI TER,Brentwood,CA,94513",6013
"2866016044","27603 Hartford Ave","Castaic","CA",91384,-118.617066917,34.453673865,-118.6171773,34.4535025109,-118.616958443,34.4538252192,"0101","27603 Hartford Ave,Castaic,CA,91384",6037
"14802300350000","114 W E ST","Galt","CA",95632,-121.310064184,38.2486897741,-121.310180857,38.2484834186,-121.309951315,38.2489220643,NA,"114 W E ST,Galt,CA,95632",6067
"5462312600","232 ADA ST","San Diego","CA",92113,-117.109561538,32.704278165,-117.109789834,32.7042425593,-117.109332231,32.7043130775,NA,"232 ADA ST,San Diego,CA,92113",6073
"039-313-006","101 W Carrillo St","Santa Barbara","CA",93101,-119.702998583,34.4200423563,-119.703239702,34.4198417414,-119.702757462,34.4202429707,"2500","101 W Carrillo St,Santa Barbara,CA,93101",6083
"2807035031","22016 Lucy Ct","Santa Clarita","CA",91350,-118.520510658,34.4491783239,-118.520653928,34.4490175556,-118.520416521,34.4493643136,"0100","22016 Lucy Ct,Santa Clarita,CA,91350",6037
"2771012800","16609 HIGHLAND VALLEY RD","Ramona","CA",92065,-116.977230049,33.0344776942,-116.978698349,33.0337838913,-116.975471664,33.0355163759,NA,"16609 HIGHLAND VALLEY RD,Ramona,CA,92065",6073
"61022012","742 PINON DR","Copperopolis","CA",95228,-120.617203359,37.9418753163,-120.618299737,37.9414393472,-120.616170756,37.9422914771,"1500","742 PINON DR,Copperopolis,CA,95228",6009
"014645032000","1630 MAPLEHURST ST","Arboga","CA",95961,-121.557055828,39.0671326359,-121.557166157,39.0669713341,-121.556945216,39.0672943792,NA,"1630 MAPLEHURST ST,Arboga,CA,95961",6115
"6348024039","8325 Advent Ave",NA,"CA",90660,-118.102963572,33.9892507705,-118.103158217,33.9891429685,-118.102776474,33.9893690124,"0100","8325 Advent Ave,NA,CA,90660",6037
"25601220090000","4840 ZUBE CT","Carmichael","CA",95608,-121.350772675,38.6294623699,-121.351003475,38.6293137517,-121.350537816,38.6296645793,NA,"4840 ZUBE CT,Carmichael,CA,95608",6067
"77903059","695 BLACK PRINCE CT","Morgan Hill","CA",95037,-121.637795257,37.0973814971,-121.638004012,37.0969572392,-121.637501827,37.097763788,NA,"695 BLACK PRINCE CT,Morgan Hill,CA,95037",6085
"8707022028","3611 Legato Ct","Phillips Ranch","CA",91766,-117.797918734,34.0427552616,-117.798985273,34.0415280352,-117.796903235,34.043701163,"010C","3611 Legato Ct,Phillips Ranch,CA,91766",6037
"3053058064","1850 E Avenue S4","Palmdale","CA",93550,-118.095932157,34.5532003294,-118.096078699,34.5530198313,-118.095805463,34.5533914238,"0100","1850 E Avenue S4,Palmdale,CA,93550",6037
"017404220","5 BOW C ST","Redlands","CA",92373,-117.165740856,34.0425906499,-117.166261712,34.0421574067,-117.165277426,34.042947443,"510","5 BOW C ST,Redlands,CA,92373",6071
"2912142300","3055 PHEASANT DR",NA,NA,92036,-116.575171146,33.0712626621,-116.575396437,33.0710727319,-116.574947458,33.0714497445,NA,"3055 PHEASANT DR,NA,NA,92036",6073
"392200026","27529 FERN PINE WAY","Murrieta","CA",92562,-117.18218381,33.6115402683,-117.182301651,33.6113413515,-117.182064275,33.61173366,NA,"27529 FERN PINE WAY,Murrieta,CA,92562",6065
"1615013F","758 30TH AVE","San Francisco","CA",94121,-122.489407449,37.7749741496,-122.489617195,37.7749304025,-122.489197705,37.7750178972,NA,"758 30TH AVE,San Francisco,CA,94121",6075
"768010009","84012 CALLE GRANADA","Coachella","CA",92236,-116.198675734,33.6851180839,-116.198896955,33.6849213236,-116.198409999,33.6852909714,NA,"84012 CALLE GRANADA,Coachella,CA,92236",6065
"469-060-038-000","1006 ORIOLE CT","Roseville","CA",95661,-121.254273251,38.7339289058,-121.254611385,38.7337175061,-121.254035917,38.7340639703,"01","1006 ORIOLE CT,Roseville,CA,95661",6061
"2556009004","7816 Wentworth St","Sunland","CA",91040,-118.303325195,34.2667365427,-118.303392208,34.2666221492,-118.303258163,34.2668509401,"0100","7816 Wentworth St,Sunland,CA,91040",6037
"8610020023","3461 Deerlane Dr","Duarte","CA",91010,-117.932453519,34.1507151459,-117.93267905,34.1505362047,-117.932224863,34.1508860246,"0101","3461 Deerlane Dr,Duarte,CA,91010",6037
"40809513","6515 N ANGUS ST","FRESNO","CA",93710,-119.777554482,36.8322914369,-119.777742838,36.8321984979,-119.777366126,36.8323843759,"11","6515 N ANGUS ST,FRESNO,CA,93710",6019
"5650041006","1110 Catalina Dr","Glendale","CA",91207,-118.237078134,34.172283602,-118.237444392,34.1719902617,-118.236759099,34.1725697607,"0100","1110 Catalina Dr,Glendale,CA,91207",6037
"4229018062","13600 Marina Pointe Dr","Marina Dl Rey","CA",90292,-118.444208156,33.9846469265,-118.444789407,33.9837971678,-118.443499041,33.9856396573,"010C","13600 Marina Pointe Dr,Marina Dl Rey,CA,90292",6037
"1851606500","12070 SIERRA ROJO RD","Valley Center","CA",92082,-117.06879067,33.2449997815,-117.0698415,33.2439506622,-117.067803778,33.2461537764,NA,"12070 SIERRA ROJO RD,Valley Center,CA,92082",6073
"2886512221","15547 DAVIS CUP LN",NA,NA,92065,-116.778488365,33.0028434483,-116.778577679,33.0027751703,-116.778398603,33.0029092585,NA,"15547 DAVIS CUP LN,NA,NA,92065",6073
"51014236","1250 HAVEN LN","Mckinleyville","CA",95519,-124.108545069,40.9465954976,-124.108640148,40.946403465,-124.108447413,40.9467897489,"R-3-D","1250 HAVEN LN,Mckinleyville,CA,95519",6023
"686251020","38265 CHUPEROSA LN","Cathedral City","CA",92234,-116.467051147,33.7700927358,-116.46728841,33.7698893378,-116.466797096,33.77031859,NA,"38265 CHUPEROSA LN,Cathedral City,CA,92234",6065
"11801210030000","5935 MACK RD","Sacramento","CA",95823,-121.433421541,38.4758666316,-121.433510109,38.4757599964,-121.433332592,38.4759736515,NA,"5935 MACK RD,Sacramento,CA,95823",6067
"004-062-043-000","121 PLEASANT AVE","Auburn","CA",95603,-121.073373319,38.8944716075,-121.073550888,38.8943275567,-121.07319572,38.894615669,"05","121 PLEASANT AVE,Auburn,CA,95603",6061
"7573019029","23 Albero Ct","Rancho Palos Verdes","CA",90275,-118.395610519,33.7458055743,-118.395893577,33.7454987102,-118.395329899,33.7460987224,"0103","23 Albero Ct,Rancho Palos Verdes,CA,90275",6037
"5186019046","3053 Guirado St",NA,"CA",90023,-118.2046242,34.0316906805,-118.204797171,34.031500357,-118.204451234,34.0318810292,"0100","3053 Guirado St,NA,CA,90023",6037
"501 113001802","39138 FREMONT BLVD","Fremont","CA",94538,-121.986080548,37.5481887668,-121.986665843,37.5476506091,-121.985495506,37.548725138,"9200","39138 FREMONT BLVD,Fremont,CA,94538",6001
"60129036","665 FLEMING AVE","San Jose","CA",95127,-121.808884596,37.3698659185,-121.809089866,37.3697002744,-121.808670545,37.3700250199,NA,"665 FLEMING AVE,San Jose,CA,95127",6085
"183171021","2231 SAN MIGUEL DR","Walnut Creek","CA",94596,-122.038381201,37.8862953783,-122.038649583,37.8860531011,-122.038112607,37.8865374789,NA,"2231 SAN MIGUEL DR,Walnut Creek,CA,94596",6013
"126164008","332 5TH AVE","Portola","CA",96122,-120.469411513,39.802059943,-120.469503243,39.8018865687,-120.469320272,39.8022336271,NA,"332 5TH AVE,Portola,CA,96122",6063
"6706500800","5556 BLOCH ST","San Diego","CA",92122,-117.233776639,32.8430275438,-117.233998532,32.8429100724,-117.233564797,32.8431483955,NA,"5556 BLOCH ST,San Diego,CA,92122",6073
"11508700060000","8272 WOODROSE CT","Sacramento","CA",95828,-121.401508078,38.4571359253,-121.401736133,38.4569615781,-121.401281609,38.4573313171,NA,"8272 WOODROSE CT,Sacramento,CA,95828",6067
"3244096027","22407 Lemon St","Green Valley","CA",91390,-118.526829501,34.4708705587,-118.526947347,34.4707158541,-118.526711161,34.4710265084,"0101","22407 Lemon St,Green Valley,CA,91390",6037
"752140049","78862 CANYON VIS","Palm Desert","CA",92211,-116.284118588,33.7857250826,-116.284204015,33.7855718846,-116.28403362,33.7858785893,NA,"78862 CANYON VIS,Palm Desert,CA,92211",6065
"2990720500","2069 SEAVIEW AVE","Del Mar","CA",92014,-117.2636012,32.9675814594,-117.263942045,32.967476133,-117.263294525,32.9676841341,NA,"2069 SEAVIEW AVE,Del Mar,CA,92014",6073
"040040073","203 PAULEY ST","Tehachapi","CA",93561,-118.451229249,35.1312872754,-118.451415185,35.1311625384,-118.451043311,35.1314120102,"1100","203 PAULEY ST,Tehachapi,CA,93561",6029
"053-140-016","3644 RD 172","Visalia",NA,93292,-119.185031122,36.4528056058,-119.186023335,36.4522626631,-119.183864626,36.4536723758,NA,"3644 RD 172,Visalia,NA,93292",6107
"230084003000","4214 BERRYESA AVE","Merced","CA",95348,-120.469286442,37.3453652075,-120.469486139,37.3453171787,-120.469088413,37.3454134091,"101","4214 BERRYESA AVE,Merced,CA,95348",6047
"054-611-14","125 PASEO BALLENA","Aptos","CA",95003,-121.884351564,36.9576386306,-121.884465614,36.957541038,-121.884237409,36.9577362582,"027","125 PASEO BALLENA,Aptos,CA,95003",6087
"41236012","609 UNION AVE","Campbell","CA",95008,-121.936875899,37.2786862855,-121.936937733,37.278595899,-121.936808233,37.2787729884,NA,"609 UNION AVE,Campbell,CA,95008",6085
"1761102000","764 EUCALYPTUS AVE","Vista","CA",92084,-117.231112287,33.2014462614,-117.231424029,33.2011352832,-117.230801933,33.2017573519,NA,"764 EUCALYPTUS AVE,Vista,CA,92084",6073
"232849102","760 MCALISTER RD","Big Bear City","CA",92314,-116.86569149,34.2466743839,-116.866140716,34.2465329436,-116.865243606,34.2468149863,"510","760 MCALISTER RD,Big Bear City,CA,92314",6071
"019358179","15374 COLEEN ST","Fontana","CA",92337,-117.469510025,34.0470622408,-117.469611749,34.0469365022,-117.469408028,34.0471868975,"510","15374 COLEEN ST,Fontana,CA,92337",6071
"113082004","3312 WREN AVE","Concord","CA",94519,-122.017070147,37.9800411344,-122.017166478,37.9798369755,-122.016973008,37.980257079,NA,"3312 WREN AVE,Concord,CA,94519",6013
"3074008015","38941 162nd St E","Palmdale","CA",93591,-117.841720869,34.5894556065,-117.842209539,34.5893180047,-117.841232165,34.589593206,"0100","38941 162nd St E,Palmdale,CA,93591",6037
"774172020","53975 AVENIDA MENDOZA","La Quinta","CA",92253,-116.306510368,33.6565951512,-116.306676509,33.6565273928,-116.306344243,33.6566630362,NA,"53975 AVENIDA MENDOZA,La Quinta,CA,92253",6065
"158-172-049","6448 MEADOW PINES AVE","Rohnert Park","CA",94928,-122.691921341,38.3452407406,-122.691990711,38.3451761514,-122.691852176,38.3453029882,NA,"6448 MEADOW PINES AVE,Rohnert Park,CA,94928",6097
"4537831200","3127 VANCOUVER AVE","San Diego","CA",92104,-117.117136202,32.739234076,-117.117397551,32.7391068025,-117.116870736,32.7393573805,NA,"3127 VANCOUVER AVE,San Diego,CA,92104",6073
"1853683048","8858 LAWRENCE WELK DR","Escondido","CA",92026,-117.144665273,33.2373481161,-117.145164205,33.2364388294,-117.143997784,33.2381526139,NA,"8858 LAWRENCE WELK DR,Escondido,CA,92026",6073
"150075006000","2511 PALORA AVE","Atwater","CA",95301,-120.62169345,37.3626509588,-120.621819414,37.3625041528,-120.621564451,37.3627939992,"101","2511 PALORA AVE,Atwater,CA,95301",6047
"45227201","636 N BROADWAY ST","FRESNO","CA",93728,-119.802458017,36.752034787,-119.802709554,36.7519266355,-119.802206291,36.7521428097,"11","636 N BROADWAY ST,FRESNO,CA,93728",6019
"1881410400","28537 SUNSET RD","Valley Center","CA",92082,-116.979302582,33.2322714073,-116.979791654,33.2318116219,-116.978716395,33.2327655639,NA,"28537 SUNSET RD,Valley Center,CA,92082",6073
"4157031073","2404 Clark Ln","Redondo Beach","CA",90278,-118.368007959,33.865909073,-118.368090607,33.8657029266,-118.36792532,33.8661152741,"010C","2404 Clark Ln,Redondo Beach,CA,90278",6037
"2779004053","8710 Independence Ave","Box Canyon","CA",91304,-118.59044925,34.2285914021,-118.590607284,34.2283191094,-118.590292233,34.2288602779,"010C","8710 Independence Ave,Box Canyon,CA,91304",6037
"016 139902700","405   60TH ST","Oakland","CA",94609,-122.256740515,37.8466198141,-122.256836015,37.8465402872,-122.256645019,37.8466993399,"1100","405   60TH ST,Oakland,CA,94609",6001
"00928117","3571 CALIFORNIA ST","Eureka","CA",95503,-124.17011395,40.7755075944,-124.170318641,40.7754342038,-124.169909259,40.7755809849,"CITY OF EU","3571 CALIFORNIA ST,Eureka,CA,95503",6023
"4265019061","11970 Montana Ave","Los Angeles","CA",90049,-118.471766002,34.0507286711,-118.472306736,34.0503766665,-118.47121157,34.0511141118,"010C","11970 Montana Ave,Los Angeles,CA,90049",6037
"1663931900","2920 ALTURA DR","Oceanside","CA",92056,-117.290153814,33.1929526844,-117.290321831,33.1928408204,-117.289987675,33.1930662506,NA,"2920 ALTURA DR,Oceanside,CA,92056",6073
"946 340900500","6280 PASEO SANTA CRUZ","Pleasanton","CA",94566,-121.900359951,37.6659786825,-121.900538599,37.6658142197,-121.900181229,37.6661433773,"1100","6280 PASEO SANTA CRUZ,Pleasanton,CA,94566",6001
"26901710130000","3921 LASUEN DR","Sacramento","CA",95821,-121.373304659,38.6134542814,-121.373403794,38.6132818725,-121.373180407,38.6136445859,NA,"3921 LASUEN DR,Sacramento,CA,95821",6067
"77326014","15220 YVONNE DR","Morgan Hill","CA",95037,-121.666408609,37.0931464852,-121.668169126,37.0920517943,-121.664679597,37.0944654744,NA,"15220 YVONNE DR,Morgan Hill,CA,95037",6085
"016403234","939 E OLIVE ST","Colton","CA",92324,-117.312392411,34.077855435,-117.312573415,34.077670637,-117.312183851,34.078043389,"510","939 E OLIVE ST,Colton,CA,92324",6071
"2662025026","11144 Haskell Ave","Granada Hills","CA",91344,-118.475629004,34.2732792038,-118.475826738,34.2731942616,-118.475431296,34.2733641346,"0100","11144 Haskell Ave,Granada Hills,CA,91344",6037
"062023035","1323 Tamera Dr","Oceano","CA",93445,-120.604497498,35.1058014559,-120.604668929,35.1057177977,-120.60432617,35.1058851605,NA,"1323 Tamera Dr,Oceano,CA,93445",6079
"7167003038","5123 Hedda St","Lakewood","CA",90712,-118.132919161,33.8644174071,-118.133003045,33.8642315643,-118.13283526,33.8646032483,"0100","5123 Hedda St,Lakewood,CA,90712",6037
"343130008","21701 ELLIS AVE","Perris","CA",92570,-117.280524828,33.771504051,-117.281058448,33.7709976158,-117.279986456,33.7720096441,NA,"21701 ELLIS AVE,Perris,CA,92570",6065
"5374015015","901 E Leslie Dr","San Gabriel","CA",91775,-118.088453841,34.1074523296,-118.088548633,34.1072646366,-118.088359048,34.1076399027,"0100","901 E Leslie Dr,San Gabriel,CA,91775",6037
"006-570-038-000","3176 CALISTOGA DR","Chico","CA",95973,-121.875182647,39.7673998131,-121.875409124,39.7672293819,-121.874955669,39.7675709778,"RS","3176 CALISTOGA DR,Chico,CA,95973",6007
"2342200300","1318 QUARTZ HILL LN","Escondido","CA",92027,-117.054802393,33.1193743863,-117.055103406,33.1190380329,-117.054433717,33.1196580843,NA,"1318 QUARTZ HILL LN,Escondido,CA,92027",6073
"235341013","2359 ENGEL DR","Riverside","CA",92506,-117.383814411,33.9247222044,-117.384079969,33.9245038227,-117.38353259,33.924932992,NA,"2359 ENGEL DR,Riverside,CA,92506",6065
"3921720700","12669 ACADIA WAY","Lakeside","CA",92040,-116.918670576,32.8830050349,-116.91898896,32.8826120565,-116.91815962,32.8834872573,NA,"12669 ACADIA WAY,Lakeside,CA,92040",6073
"033-088-005-000","296 INCLINE AVE","Oroville","CA",95966,-121.530931615,39.52807437,-121.5312437,39.527875287,-121.530665604,39.5286137665,"RM","296 INCLINE AVE,Oroville,CA,95966",6007
"4461220800","3104 MEADE AVE","San Diego","CA",92116,-117.127353614,32.7574737729,-117.127581443,32.757404216,-117.127125812,32.7575433167,NA,"3104 MEADE AVE,San Diego,CA,92116",6073
"5608006002","1365 Country Club Dr","Burbank","CA",91501,-118.288093721,34.2024134863,-118.288313106,34.2022614165,-118.287899703,34.2025545014,"0100","1365 Country Club Dr,Burbank,CA,91501",6037
"5072024023","1516 5th Ave","Los Angeles","CA",90019,-118.322141171,34.0448743187,-118.32237252,34.0448048825,-118.321909822,34.0449437549,"0100","1516 5th Ave,Los Angeles,CA,90019",6037
"0153034","1359 VALLEJO ST","San Francisco","CA",94109,-122.419558821,37.7969327959,-122.41963685,37.7967387748,-122.419480791,37.797126817,NA,"1359 VALLEJO ST,San Francisco,CA,94109",6075
"500370009","2519 NASON AVE","El Cerrito","CA",94530,-122.316356013,37.9351233427,-122.316558688,37.9349727247,-122.316196419,37.935261421,NA,"2519 NASON AVE,El Cerrito,CA,94530",6013
"048 629801202","4915 SCOTIA AVE","Oakland","CA",94605,-122.122745812,37.7559583857,-122.122934728,37.7556992762,-122.122582665,37.7562025253,"1100","4915 SCOTIA AVE,Oakland,CA,94605",6001
"4352009017","1520 Schuyler Rd","Beverly Hills","CA",90210,-118.401077765,34.0993231027,-118.401253212,34.0992085013,-118.40094097,34.0994485996,"0100","1520 Schuyler Rd,Beverly Hills,CA,90210",6037
"921191004","30090 DEL REY RD","Temecula","CA",92591,-117.133662182,33.5223113589,-117.134048396,33.5219726309,-117.133252142,33.5226514345,NA,"30090 DEL REY RD,Temecula,CA,92591",6065
"23504400100000","9332 CALTROP CT","Fair Oaks","CA",95628,-121.205170723,38.6563638412,-121.205352882,38.6562255012,-121.20494912,38.6565613587,NA,"9332 CALTROP CT,Fair Oaks,CA,95628",6067
"4110004010","7501 Arizona Ave","Los Angeles","CA",90045,-118.396390248,33.9730361886,-118.396679076,33.972961337,-118.396134709,33.9731039688,"0100","7501 Arizona Ave,Los Angeles,CA,90045",6037
"8326016005","1415 E 3rd St","Phillips Ranch","CA",91766,-117.727969255,34.058046845,-117.728312719,34.0575569372,-117.72762643,34.0585361749,"3700","1415 E 3rd St,Phillips Ranch,CA,91766",6037
"5321016073","707 N Bushnell Ave","Alhambra","CA",91801,-118.141546494,34.1001895942,-118.141794949,34.1000852248,-118.141298037,34.1002939546,"0200","707 N Bushnell Ave,Alhambra,CA,91801",6037
"024370084000","1060 OLDS AVE","Livingston","CA",95334,-120.714146089,37.3952025786,-120.714330398,37.3951194504,-120.713961058,37.3952854768,"101","1060 OLDS AVE,Livingston,CA,95334",6047
"6591014","442 DUNCAN ST","San Francisco","CA",94131,-122.430154996,37.7461481698,-122.430221748,37.7459884741,-122.430088244,37.7463078658,NA,"442 DUNCAN ST,San Francisco,CA,94131",6075
"56018112","710 W BRITTANY LN","CLOVIS","CA",93619,-119.727845809,36.8615130847,-119.727924756,36.8614215741,-119.727766862,36.8616045953,"11","710 W BRITTANY LN,CLOVIS,CA,93619",6019
"035635203","5290 ORCHARD DR",NA,NA,92397,-117.614659126,34.3465755325,-117.614867826,34.3464382344,-117.614450428,34.3467128307,"510","5290 ORCHARD DR,NA,NA,92397",6071
"017-340-004-000","1332 PROVIDENCE WAY","Roseville","CA",95747,-121.31171242,38.7576155763,-121.311817623,38.757492359,-121.311607236,38.7577388466,"01","1332 PROVIDENCE WAY,Roseville,CA,95747",6061
"31320013","1047 WOOD DUCK AVE","Santa Clara","CA",95051,-121.996202075,37.3441436045,-121.996281792,37.3440560776,-121.996106971,37.3442355705,NA,"1047 WOOD DUCK AVE,Santa Clara,CA,95051",6085
"908341016","29456 GREEN SIDE CT","Murrieta","CA",92563,-117.145237426,33.5644706615,-117.145415265,33.5642917673,-117.145073171,33.5646496922,NA,"29456 GREEN SIDE CT,Murrieta,CA,92563",6065
"46844016","2970 E HUNTINGTON BLVD","FRESNO","CA",93721,-119.774948189,36.7389619693,-119.775001391,36.7389239744,-119.774894987,36.7389999631,"11","2970 E HUNTINGTON BLVD,FRESNO,CA,93721",6019
"5086012022","923 S Ogden Dr","Los Angeles","CA",90036,-118.361615038,34.0589077223,-118.361829677,34.058779479,-118.361400226,34.0590360027,"0100","923 S Ogden Dr,Los Angeles,CA,90036",6037
"6014031006","1238 W 70th St",NA,"CA",90044,-118.2972322,33.9759653129,-118.297298616,33.9758042138,-118.297165782,33.9761263979,"0100","1238 W 70th St,NA,CA,90044",6037
"5238012020","3741 Princeton St",NA,"CA",90023,-118.190951766,34.0275864556,-118.191037887,34.0273765885,-118.190865247,34.0277967474,"0200","3741 Princeton St,NA,CA,90023",6037
"5493024021","724 N Avenue 65","Highland Park","CA",90042,-118.176387409,34.1200455122,-118.17656628,34.1199269646,-118.176208563,34.1201251711,"0100","724 N Avenue 65,Highland Park,CA,90042",6037
"295-180-015","939 E STANFORD AVE","Pixley","CA",93256,-119.287384632,35.9922707218,-119.287669294,35.9913876598,-119.287099122,35.9931554482,NA,"939 E STANFORD AVE,Pixley,CA,93256",6107
"066190022000","38953 SEVEN HILLS RD","Oakhurst","CA",93644,-119.602525805,37.3148870556,-119.603510299,37.3143969791,-119.601097359,37.3152689376,"RAXX","38953 SEVEN HILLS RD,Oakhurst,CA,93644",6039
"4071121700","9701 HIGHWAY 79","Descanso","CA",91916,-116.593115457,32.8612080184,-116.593495938,32.8608924918,-116.592733768,32.8615285379,NA,"9701 HIGHWAY 79,Descanso,CA,91916",6073
"032201147","104 LOMA VISTA AVE","Taft","CA",93268,-119.468766823,35.1395646263,-119.468968985,35.1394742124,-119.468564661,35.1396550402,"0101","104 LOMA VISTA AVE,Taft,CA,93268",6029
"069-441-016","5366 Paseo Orlando","Santa Barbara","CA",93111,-119.810337824,34.4536723401,-119.810454978,34.4535178966,-119.810220666,34.4538267216,"0100","5366 Paseo Orlando,Santa Barbara,CA,93111",6083
"8144012008","8006 Sargent Ave",NA,"CA",90602,-118.02165489,33.9669086231,-118.021887553,33.9667396442,-118.021422731,33.9670775322,"0100","8006 Sargent Ave,NA,CA,90602",6037
"331262386","5500 LENNOX AVE","Bakersfield","CA",93309,-119.063899651,35.3615069267,-119.064014818,35.3614380124,-119.063784485,35.3615758406,"0600","5500 LENNOX AVE,Bakersfield,CA,93309",6029
"259124279","4200 POPLAR TL",NA,NA,93225,-118.955626517,34.8239549256,-118.955709539,34.8238569844,-118.955543478,34.8240530996,"0010","4200 POPLAR TL,NA,NA,93225",6029
"130583002","14217 GOOSE ST","Corona","CA",92880,-117.593639833,33.9397567063,-117.593755468,33.9396204676,-117.593524191,33.9398929227,NA,"14217 GOOSE ST,Corona,CA,92880",6065
"6692840900","6137 DAISY PL","San Diego","CA",92114,-117.065812358,32.693204779,-117.065948236,32.693057812,-117.065676338,32.693351404,NA,"6137 DAISY PL,San Diego,CA,92114",6073
"20213054","1155 HOLLENBECK AVE","Sunnyvale","CA",94087,-122.041785515,37.3565027963,-122.041961152,37.3564133188,-122.041609875,37.3565922852,NA,"1155 HOLLENBECK AVE,Sunnyvale,CA,94087",6085
"019425140","9521 MANGO AVE","Fontana","CA",92335,-117.431036809,34.0808307619,-117.431232142,34.0807031892,-117.430841474,34.0809583453,"510","9521 MANGO AVE,Fontana,CA,92335",6071
"203061000000","865 MAJESTIC PINES DR",NA,NA,93546,-118.989292956,37.6344989219,-118.989327535,37.6344212504,-118.989189216,37.6345287284,"RESORT","865 MAJESTIC PINES DR,NA,NA,93546",6051
"2886821648","25382 PAPPAS RD","Ramona","CA",92065,-116.781874926,33.0048337098,-116.781912995,33.0047717786,-116.781836857,33.0048956442,NA,"25382 PAPPAS RD,Ramona,CA,92065",6073
"080H158404400","1322 MERSEY AVE","San Leandro","CA",94579,-122.154771048,37.6937294701,-122.15487411,37.6935961053,-122.154667986,37.6938628319,"1100","1322 MERSEY AVE,San Leandro,CA,94579",6001
"5800350635","652 WARRENDALE AVE","Simi Valley","CA",93065,-118.813371909,34.2386593844,-118.813606063,34.2384053478,-118.813145946,34.2388692862,NA,"652 WARRENDALE AVE,Simi Valley,CA,93065",6111
"06804600120000","3600 KRANHOLD WAY","Sacramento","CA",95827,-121.328124975,38.5601881417,-121.328319047,38.5600935922,-121.327930368,38.5602797146,NA,"3600 KRANHOLD WAY,Sacramento,CA,95827",6067
"8371005028","2729 2nd St",NA,"CA",91750,-117.758915706,34.0968369046,-117.759086849,34.0966751278,-117.758715132,34.0970043078,"0100","2729 2nd St,NA,CA,91750",6037
"074 103501400","68 GARDEN RD","Alameda","CA",94502,-122.237069971,37.7355714222,-122.237265692,37.7354452908,-122.236874197,37.7356975322,"1100","68 GARDEN RD,Alameda,CA,94502",6001
"7756708879","352 BROADWAY","Chula Vista","CA",91910,-117.092644889,32.6350281437,-117.093474328,32.6339486994,-117.091575236,32.6361006165,NA,"352 BROADWAY,Chula Vista,CA,91910",6073
"7171026017","5303 Bellflower Blvd","Lakewood","CA",90713,-118.125562613,33.853799001,-118.125775197,33.8537127269,-118.12534932,33.8538848477,"0100","5303 Bellflower Blvd,Lakewood,CA,90713",6037
"2030133200","1427 SAVIERS RD","Oxnard","CA",93033,-119.177872029,34.1848144997,-119.17809853,34.1847260681,-119.177646384,34.184903034,NA,"1427 SAVIERS RD,Oxnard,CA,93033",6111
"67821011","7109 CERRO CREST DR","San Jose","CA",95138,-121.757440206,37.2368994909,-121.757583779,37.2367728238,-121.757303241,37.2370069809,NA,"7109 CERRO CREST DR,San Jose,CA,95138",6085
"5394930300","1227 EDGEMONT ST","San Diego","CA",92102,-117.12634091,32.7185563366,-117.126497466,32.7184831316,-117.126180798,32.7186255394,NA,"1227 EDGEMONT ST,San Diego,CA,92102",6073
"4474521700","3460 WIGHTMAN ST","San Diego","CA",92104,-117.118940484,32.7480683603,-117.119014486,32.7480037253,-117.11886732,32.7481319873,NA,"3460 WIGHTMAN ST,San Diego,CA,92104",6073
"017140034000","19804 DAYTON AVE","Hilmar","CA",95324,-120.8467533,37.3983771133,-120.846842328,37.3981565842,-120.846664271,37.398597643,"101","19804 DAYTON AVE,Hilmar,CA,95324",6047
"103-292-026","1241 Ken Ave","Santa Maria","CA",93455,-120.413662578,34.8639047233,-120.413799489,34.8637364122,-120.413525717,34.8640730497,"0100","1241 Ken Ave,Santa Maria,CA,93455",6083
"426351193","5213 CHEYENNE CT","Weldon","CA",93283,-118.3565178,35.6481421771,-118.356732001,35.6480251018,-118.356326202,35.6483401248,"0191","5213 CHEYENNE CT,Weldon,CA,93283",6029
"02502320260000","3182 38TH AVE","Sacramento","CA",95824,-121.47207799,38.5177153182,-121.472220389,38.5176028908,-121.471932528,38.517832492,NA,"3182 38TH AVE,Sacramento,CA,95824",6067
"5370017012","221 E Norwood Pl","San Gabriel","CA",91776,-118.097472175,34.0764917714,-118.097541698,34.0763112904,-118.09740265,34.0766720867,"0200","221 E Norwood Pl,San Gabriel,CA,91776",6037
"049-083-08","604 NORTHERN AVE","Mill Valley","CA",94941,-122.54382935,37.8818142441,-122.544120967,37.881639621,-122.543513987,37.881993296,"11","604 NORTHERN AVE,Mill Valley,CA,94941",6041
"416 019001200","2850 ROMAGNOLO ST","Hayward","CA",94541,-122.054181186,37.6810475187,-122.054390119,37.6808288666,-122.053972649,37.6812657603,"1100","2850 ROMAGNOLO ST,Hayward,CA,94541",6001
"372062224","2612 MIRIA DR","Bakersfield","CA",93304,-119.032369433,35.3074656811,-119.032468441,35.3073145349,-119.032270432,35.3076168233,"0101","2612 MIRIA DR,Bakersfield,CA,93304",6029
"48070004","30 CORMORANT DR","Valley Springs",NA,95252,-120.969893406,38.2003282958,-120.970225422,38.2001989391,-120.969596725,38.2004797956,"1100","30 CORMORANT DR,Valley Springs,NA,95252",6009
"152-023-019","1730 GREENEICH AVE","Santa Rosa","CA",95401,-122.748198357,38.4502773502,-122.748275018,38.4501599087,-122.748121685,38.450394736,NA,"1730 GREENEICH AVE,Santa Rosa,CA,95401",6097
"5078021022","1124 S Mariposa Ave",NA,"CA",90006,-118.298617417,34.0501000285,-118.298829445,34.0500357817,-118.298405389,34.0501642753,"0300","1124 S Mariposa Ave,NA,CA,90006",6037
"763422009","51760 LA PONDEROSA DR","Coachella","CA",92236,-116.154814049,33.6726399947,-116.15498546,33.6725570865,-116.154642785,33.6727228519,NA,"51760 LA PONDEROSA DR,Coachella,CA,92236",6065
"21500710070000","6129 34TH ST","N Highlands","CA",95660,-121.388727042,38.6786461266,-121.389844637,38.6785115822,-121.38760297,38.6787827842,NA,"6129 34TH ST,N Highlands,CA,95660",6067
"6179026044","1312 E Compton Blvd",NA,"CA",90221,-118.2088716,33.8957168698,-118.208977717,33.895542488,-118.208765005,33.8958916133,"1100","1312 E Compton Blvd,NA,CA,90221",6037
"519270004","14210 MAGNOLIA ST","Cabazon","CA",92230,-116.799895928,33.9149302535,-116.800134089,33.9148433523,-116.799657449,33.9150171873,NA,"14210 MAGNOLIA ST,Cabazon,CA,92230",6065
"3626002800","4774 REDBROOK CT","San Diego","CA",92117,-117.170749152,32.8290212664,-117.170965591,32.8288494328,-117.170601919,32.8291400875,NA,"4774 REDBROOK CT,San Diego,CA,92117",6073
"5019019025","4139 S Figueroa St","Los Angeles","CA",90037,-118.283320004,34.0084121092,-118.283614934,34.0082879263,-118.282886075,34.008660838,"7200","4139 S Figueroa St,Los Angeles,CA,90037",6037
"089-092-020","1205 W Airport Ave","Lompoc","CA",93436,-120.471979239,34.6489459092,-120.472076648,34.6488007646,-120.471881831,34.6490910662,"0100","1205 W Airport Ave,Lompoc,CA,93436",6083
"037 268708900","4346 TERRABELLA WAY","Oakland","CA",94619,-122.179535357,37.7967941195,-122.179630702,37.7966783075,-122.179443464,37.7969159007,"1800","4346 TERRABELLA WAY,Oakland,CA,94619",6001
"091-172-038","1837 N COURT ST","Visalia","CA",93291,-119.293086704,36.3459777481,-119.293491797,36.3457616484,-119.292582213,36.3461413211,NA,"1837 N COURT ST,Visalia,CA,93291",6107
"3595801300","2988 ABER ST","San Diego","CA",92117,-117.222381405,32.8294652127,-117.222515534,32.8293116011,-117.222234606,32.8296099194,NA,"2988 ABER ST,San Diego,CA,92117",6073
"3052067001","3307 Conestoga Canyon Rd","Palmdale","CA",93550,-118.069319495,34.5461540763,-118.069447432,34.5459971537,-118.069192726,34.5463100309,"0100","3307 Conestoga Canyon Rd,Palmdale,CA,93550",6037
"023959238","2531 W DAWNVIEW DR","Rialto","CA",92377,-117.423581292,34.1596518351,-117.423680958,34.1595072582,-117.423481658,34.1597963474,"510","2531 W DAWNVIEW DR,Rialto,CA,92377",6071
"5178022003","3167 E Cesar E Chavez Ave","Hazard","CA",90063,-118.196451338,34.0420797467,-118.196575636,34.041932581,-118.196327025,34.0422268878,"0400","3167 E Cesar E Chavez Ave,Hazard,CA,90063",6037
"009-211-087","916 SONOMA AVE","Santa Rosa","CA",95404,-122.704408262,38.4396442059,-122.704562935,38.4394267405,-122.70427015,38.4398301424,NA,"916 SONOMA AVE,Santa Rosa,CA,95404",6097
"8569017027","4309 Cedar Ave","El Monte","CA",91732,-118.023943744,34.0835966644,-118.024238395,34.0834515471,-118.023649608,34.0837415719,"0100","4309 Cedar Ave,El Monte,CA,91732",6037
"525 166608900","3561 BRAXTON CMN","Fremont","CA",94538,-121.976824533,37.5457775925,-121.976903679,37.545705851,-121.976745733,37.5458492546,"1500","3561 BRAXTON CMN,Fremont,CA,94538",6001
"6150003056","2027 E 124th St","Compton","CA",90222,-118.236461922,33.920337705,-118.236581136,33.9199256103,-118.236342878,33.9207499951,"0400","2027 E 124th St,Compton,CA,90222",6037
"6282004046","13059 Rutgers Ave","Downey","CA",90242,-118.129014866,33.9117012669,-118.1291963,33.9116270342,-118.128833737,33.9117756619,"0100","13059 Rutgers Ave,Downey,CA,90242",6037
"2669012025","15831 Romar St","North Hills","CA",91343,-118.477415032,34.2548642452,-118.47751206,34.2546841095,-118.477313942,34.2550460321,"0100","15831 Romar St,North Hills,CA,91343",6037
"320-250-004","24845 AVENUE 88","Terra Bella","CA",93270,-119.016975889,35.9492934991,-119.017169472,35.9489984207,-119.016783191,35.9495866879,NA,"24845 AVENUE 88,Terra Bella,CA,93270",6107
"070 184 05","503 5TH ST","Davis","CA",95616,-121.743078016,38.547203022,-121.74323067,38.5470488836,-121.742925363,38.5473571605,NA,"503 5TH ST,Davis,CA,95616",6113
"331420030","26831 OLE LN","Romoland","CA",92585,-117.191792021,33.7303355101,-117.191884171,33.7302247825,-117.191699869,33.7304462434,NA,"26831 OLE LN,Romoland,CA,92585",6065
"022-172-78","13 TERRACE VIEW CT","Scotts Valley","CA",95066,-122.020743176,37.0489348128,-122.020804374,37.0488648441,-122.020678279,37.0490078512,"027","13 TERRACE VIEW CT,Scotts Valley,CA,95066",6087
"003110056000","3307 IOWA CITY RD","Marysville","CA",95901,-121.488260655,39.2984516867,-121.495866087,39.2942489281,-121.483678745,39.3038480259,NA,"3307 IOWA CITY RD,Marysville,CA,95901",6115
"4280007006","1304 San Vicente Blvd",NA,"CA",90402,-118.5044434,34.0386598978,-118.504685736,34.0384318611,-118.504201767,34.0388866466,"0100","1304 San Vicente Blvd,NA,CA,90402",6037
"3821921000","9117 WINTER GARDENS BLVD","Lakeside","CA",92040,-116.93140171,32.844089903,-116.931966532,32.8437744883,-116.931128233,32.8446763626,NA,"9117 WINTER GARDENS BLVD,Lakeside,CA,92040",6073
"2229035009","6140 Shoshone Ave","Encino","CA",91316,-118.515980777,34.1817148808,-118.516154618,34.1816457632,-118.515806906,34.1817839825,"0100","6140 Shoshone Ave,Encino,CA,91316",6037
"419660024","1376 BOUVARDIA PL",NA,NA,92223,-116.960794348,33.9365683808,-116.960913226,33.936421746,-116.960675468,33.9367150216,NA,"1376 BOUVARDIA PL,NA,NA,92223",6065
"3130211342","15048 AVENIDA VENUSTO","San Diego","CA",92128,-117.069474768,32.9916941118,-117.070722208,32.9910349446,-117.067974455,32.9927109826,NA,"15048 AVENIDA VENUSTO,San Diego,CA,92128",6073
"4571202200","8549 VERLANE DR","San Diego","CA",92119,-117.012607762,32.8041470964,-117.01271343,32.8040227845,-117.012502707,32.8042692006,NA,"8549 VERLANE DR,San Diego,CA,92119",6073
"031-201-031","500 Anacapa St","Santa Barbara","CA",93101,-119.694439926,34.4182426532,-119.694746925,34.4179926829,-119.694132762,34.4184916624,"1100","500 Anacapa St,Santa Barbara,CA,93101",6083
"525 096804600","40350 BLACOW RD","Fremont","CA",94538,-121.979550218,37.527154629,-121.979721501,37.5269989864,-121.979378936,37.5273102718,"1100","40350 BLACOW RD,Fremont,CA,94538",6001
"8065036020","14627 Mercado Ave","La Mirada","CA",90638,-117.990505722,33.8990805141,-117.990717591,33.8989411205,-117.99030877,33.8991991649,"0101","14627 Mercado Ave,La Mirada,CA,90638",6037
"7249006026","350 Santa Ana Ave",NA,"CA",90803,-118.126170452,33.7617493104,-118.12624986,33.761617048,-118.126087364,33.7618787362,"0100","350 Santa Ana Ave,NA,CA,90803",6037
"4292025098","826 2nd St","Santa Monica","CA",90403,-118.506131727,34.0222009435,-118.506424272,34.0219585608,-118.505839278,34.0224432342,"010E","826 2nd St,Santa Monica,CA,90403",6037
"2621600313","1740 S EL CAMINO REAL","Encinitas","CA",92024,-117.257608492,33.0255992874,-117.258604596,33.024768725,-117.255767836,33.0262441273,NA,"1740 S EL CAMINO REAL,Encinitas,CA,92024",6073
"015217305","3154 N ARROWHEAD AVE","San Bernardino","CA",92405,-117.289994169,34.1486445036,-117.290204382,34.1485525833,-117.289783958,34.1487364238,"510","3154 N ARROWHEAD AVE,San Bernardino,CA,92405",6071
"49916014","1362 MOCHO CT","San Jose","CA",95121,-121.828805711,37.3138308104,-121.828993381,37.3136729846,-121.828617355,37.313990465,NA,"1362 MOCHO CT,San Jose,CA,95121",6085
"3642060","821 CAPP ST","San Francisco","CA",94110,-122.417150086,37.7535362014,-122.417366107,37.753482651,-122.416934065,37.7535897518,NA,"821 CAPP ST,San Francisco,CA,94110",6075
"1853664831","8856 LAWRENCE WELK DR","Escondido","CA",92026,-117.140598625,33.2355984547,-117.141889024,33.2351380355,-117.139327093,33.2360035428,NA,"8856 LAWRENCE WELK DR,Escondido,CA,92026",6073
"3244084090","28953 Raintree Ln","Green Valley","CA",91390,-118.531550281,34.4757854371,-118.531949001,34.4755859358,-118.531165392,34.475988561,"0101","28953 Raintree Ln,Green Valley,CA,91390",6037
"436393007","292 S KIRBY ST","San Jacinto","CA",92582,-116.998341074,33.7845790533,-116.998511128,33.7844815529,-116.998171694,33.7846764388,NA,"292 S KIRBY ST,San Jacinto,CA,92582",6065
"012220033","1175 AMANDA CIR","Brentwood","CA",94513,-121.715948249,37.9323378641,-121.716053988,37.9322071177,-121.715838701,37.9324821475,NA,"1175 AMANDA CIR,Brentwood,CA,94513",6013
"58309040","1144 QUEENSBRIDGE WAY","San Jose","CA",95120,-121.8424119,37.2011028827,-121.842585938,37.2009504848,-121.842229616,37.2012730344,NA,"1144 QUEENSBRIDGE WAY,San Jose,CA,95120",6085
"029-162-07-1","1410 EHORN AVE","Red Bluff","CA",96080,-122.254606035,40.1794202428,-122.254828687,40.1793496448,-122.254383435,40.179490795,"010","1410 EHORN AVE,Red Bluff,CA,96080",6103
"032-100-006-000","950 CLARK TUNNEL RD","Penryn","CA",95663,-121.178783972,38.8667749255,-121.179973513,38.8649491612,-121.177596864,38.8686003816,"07","950 CLARK TUNNEL RD,Penryn,CA,95663",6061
"041-422-16","9873 MONROE AVE","Aptos","CA",95003,-121.874636789,36.9747297108,-121.874912956,36.974541228,-121.874278333,36.9749394553,"020","9873 MONROE AVE,Aptos,CA,95003",6087
"45006437","1563 N PALM AVE","FRESNO","CA",93728,-119.808963749,36.764462448,-119.809188901,36.7641444244,-119.808738121,36.7647814081,"44","1563 N PALM AVE,FRESNO,CA,93728",6019
"3012036021","37211 Milford Ct","Palmdale","CA",93550,-118.099711985,34.5601618398,-118.099989106,34.5599898193,-118.099440932,34.5602857892,"0100","37211 Milford Ct,Palmdale,CA,93550",6037
"4030005000","15603 ARCHERY VW","Truckee","CA",96161,-120.099569167,39.3665633319,-120.099816748,39.3663284536,-120.099274757,39.3667815408,NA,"15603 ARCHERY VW,Truckee,CA,96161",6057
"147050002000","7716 WALNUT AVE","Winton","CA",95388,-120.626512358,37.3896158697,-120.626615666,37.3894236117,-120.626409049,37.3898081236,"101","7716 WALNUT AVE,Winton,CA,95388",6047
"8121013016","4319 Deland Ave",NA,"CA",90660,-118.077035111,34.0111225134,-118.077246054,34.0110158198,-118.07682418,34.0112291962,"0100","4319 Deland Ave,NA,CA,90660",6037
"463 010001600","2917 SORRENTO WAY","Union City","CA",94587,-122.073066281,37.6054122591,-122.07314712,37.6052760504,-122.072987772,37.6055471642,"1800","2917 SORRENTO WAY,Union City,CA,94587",6001
"045013378","35253 FOOTHILL RD","Lucerne Valley","CA",92356,-116.894416557,34.4284867094,-116.89546422,34.4276385766,-116.893367759,34.4293363397,"526","35253 FOOTHILL RD,Lucerne Valley,CA,92356",6071
"1862105400","13275 BETSWORTH RD","Valley Center","CA",92082,-117.044038323,33.2199567668,-117.044481667,33.2184737291,-117.043631284,33.221477166,NA,"13275 BETSWORTH RD,Valley Center,CA,92082",6073
"2537006012","12361 Montague St","Hansen Hills","CA",91331,-118.402787687,34.2541711097,-118.403037736,34.2539495706,-118.402537632,34.2543925529,"010V","12361 Montague St,Hansen Hills,CA,91331",6037
"162-044-006","220 LA QUINTA DR","Windsor","CA",95492,-122.792526639,38.5552559746,-122.792614547,38.5551147221,-122.792437329,38.5553972111,NA,"220 LA QUINTA DR,Windsor,CA,95492",6097
"3813100700","9726 BILTEER DR","Santee","CA",92071,-116.979515108,32.8538454759,-116.979706803,32.8537626911,-116.979324364,32.8539281255,NA,"9726 BILTEER DR,Santee,CA,92071",6073
"070 010 02","305 E 14TH ST","Davis","CA",95616,-121.746478307,38.5587446785,-121.748256073,38.5560565583,-121.743544171,38.560592378,NA,"305 E 14TH ST,Davis,CA,95616",6113
"2360370045","206 VIA LARA","Newbury Park","CA",91320,-118.970972013,34.1743564372,-118.971119736,34.1741275381,-118.970828804,34.1746007336,NA,"206 VIA LARA,Newbury Park,CA,91320",6111
"5274004011","1986 Heather Dr","Monterey Park","CA",91755,-118.123051299,34.0416598459,-118.123271227,34.0414954726,-118.122842767,34.0418280523,"0100","1986 Heather Dr,Monterey Park,CA,91755",6037
"482 004204400","4257 REMORA DR","Union City","CA",94587,-122.082721529,37.5940110466,-122.082799861,37.5938621757,-122.082643215,37.5941600302,"1100","4257 REMORA DR,Union City,CA,94587",6001
"5443012014","2459 Echo Park Ave","Los Angeles","CA",90026,-118.24936494,34.0949214352,-118.249606509,34.0946797797,-118.249066205,34.0950828773,"0101","2459 Echo Park Ave,Los Angeles,CA,90026",6037
"3813721000","9913 VIA LESLIE","Santee","CA",92071,-116.98194786,32.8573486669,-116.98210431,32.8572637347,-116.981792936,32.8574359763,NA,"9913 VIA LESLIE,Santee,CA,92071",6073
"6248024016","11745 Rives Ave","Downey","CA",90241,-118.147002075,33.9389009827,-118.147261016,33.9387006658,-118.146759929,33.9391009441,"0100","11745 Rives Ave,Downey,CA,90241",6037
"4329011011","2132 Century Park Ln",NA,"CA",90067,-118.411756391,34.0566956865,-118.413194785,34.0552018149,-118.409870557,34.058089939,"010C","2132 Century Park Ln,NA,CA,90067",6037
"412 004212400","593 VIA MIRABEL","San Lorenzo","CA",94580,-122.1273176,37.6765612903,-122.127475173,37.6764037777,-122.127159948,37.6767188295,"1100","593 VIA MIRABEL,San Lorenzo,CA,94580",6001
"5648031006","1835 Deermont Rd","Glendale","CA",91207,-118.253059284,34.1725437679,-118.253363304,34.1722972763,-118.252774466,34.1727948409,"0101","1835 Deermont Rd,Glendale,CA,91207",6037
"030728106","669 CIENEGA RD",NA,NA,92315,-116.94082734,34.2405414276,-116.940880541,34.2404779041,-116.940774138,34.240604951,"530","669 CIENEGA RD,NA,NA,92315",6071
"072 033200600","1427 PARU ST","Alameda","CA",94501,-122.258486279,37.7718345042,-122.258686627,37.7717052379,-122.258285965,37.7719637585,"1100","1427 PARU ST,Alameda,CA,94501",6001
"220760029","475 COVENTRY PL","Blackhawk","CA",94506,-121.911524102,37.799299957,-121.91168658,37.7991291155,-121.911361453,37.7994715232,NA,"475 COVENTRY PL,Blackhawk,CA,94506",6013
"4161018008","1108 Steinhart Ave","Redondo Beach","CA",90278,-118.382583336,33.8639546085,-118.3827673,33.8638281823,-118.38239939,33.864081044,"0100","1108 Steinhart Ave,Redondo Beach,CA,90278",6037
"0527033000","123 ARGALL WAY","Nevada City","CA",95959,-121.024499543,39.2523587766,-121.024630532,39.2521141983,-121.024364709,39.2525471865,NA,"123 ARGALL WAY,Nevada City,CA,95959",6057
"11703300050000","6640 VALLEY HI DR","Sacramento","CA",95823,-121.426170434,38.4724773915,-121.426995759,38.47194384,-121.424943488,38.4731167741,NA,"6640 VALLEY HI DR,Sacramento,CA,95823",6067
"3512700301","308 NAUTILUS ST","La Jolla","CA",92037,-117.279676108,32.8313702119,-117.279807888,32.8311862783,-117.279544326,32.8315541542,NA,"308 NAUTILUS ST,La Jolla,CA,92037",6073
"180301030","850 BELLOWS CT","Walnut Creek","CA",94596,-122.035158681,37.8948599125,-122.035582008,37.8945824072,-122.034743791,37.8950510502,NA,"850 BELLOWS CT,Walnut Creek,CA,94596",6013
"6381032007","7108 Blossom Ct","Pico Rivera","CA",90660,-118.097764036,33.9812965447,-118.09789337,33.9811969815,-118.097634915,33.9813958681,"010D","7108 Blossom Ct,Pico Rivera,CA,90660",6037
"1650410035","1777 CORONADO CT","Camarillo","CA",93010,-119.046523902,34.2205585193,-119.046574073,34.2204484566,-119.046473729,34.2206685736,NA,"1777 CORONADO CT,Camarillo,CA,93010",6111
"4777021800","2426 CORINNA CT","San Diego","CA",92105,-117.088844338,32.730683261,-117.088977306,32.7305875953,-117.088655961,32.7308429747,NA,"2426 CORINNA CT,San Diego,CA,92105",6073
"7145024023","3719 Myrtle Ave","Long Beach","CA",90807,-118.181897162,33.8249618418,-118.182119586,33.8248923196,-118.181674851,33.8250313759,"0200","3719 Myrtle Ave,Long Beach,CA,90807",6037
"1125003000","13473 OAKBEND AVE","Auburn","CA",95602,-121.04793027,39.0159044917,-121.048048936,39.0156884668,-121.047828573,39.0161085078,NA,"13473 OAKBEND AVE,Auburn,CA,95602",6057
"056 198100700","1273 ADDISON ST","Berkeley","CA",94702,-122.286608379,37.8691124302,-122.286701722,37.8689026945,-122.286515804,37.8693216152,"1100","1273 ADDISON ST,Berkeley,CA,94702",6001
"8080015039","11811 Lowemont St","Norwalk","CA",90650,-118.081953089,33.8899034661,-118.082016309,33.8897601358,-118.081889869,33.8900467958,"0100","11811 Lowemont St,Norwalk,CA,90650",6037
"064-302-19","106 BUCHANAN DR","Sausalito","CA",94965,-122.502241396,37.8651403032,-122.502440614,37.864949947,-122.502010683,37.8653122354,"21","106 BUCHANAN DR,Sausalito,CA,94965",6041
"5181010400","2006 CROSSLE CT","El Cajon","CA",92019,-116.91601809,32.7534699612,-116.916227932,32.7533003325,-116.915737708,32.7536344565,NA,"2006 CROSSLE CT,El Cajon,CA,92019",6073
"5040091525","4780 ELDERBERRY AVE","Moorpark","CA",93021,-118.898049119,34.2768741361,-118.898214662,34.2768300169,-118.897883574,34.2769182555,NA,"4780 ELDERBERRY AVE,Moorpark,CA,93021",6111
"6150001038","2001 E 126th St","Compton","CA",90222,-118.237123611,33.9185248162,-118.237232846,33.9181120621,-118.237014379,33.9189375278,"0200","2001 E 126th St,Compton,CA,90222",6037
"072 152 08","2544 SNAPDRAGON CIR","West Sacramento","CA",95691,-121.542025519,38.5519742124,-121.542147924,38.551934363,-121.541903113,38.5520140623,NA,"2544 SNAPDRAGON CIR,West Sacramento,CA,95691",6113
"215-095-011","19629 GUTHRIE DR","Strathmore","CA",93267,-119.058740898,36.1460134785,-119.058988638,36.1458772982,-119.058492692,36.1461493998,NA,"19629 GUTHRIE DR,Strathmore,CA,93267",6107
"48615059","1842 LOYOLA DR","San Jose","CA",95122,-121.833733202,37.3352889733,-121.833912431,37.3351376586,-121.833553693,37.3354405647,NA,"1842 LOYOLA DR,San Jose,CA,95122",6085
"481-160-009-000","8153 BAUSER AVE","Roseville","CA",95747,-121.339889858,38.7861677393,-121.340086708,38.7860848974,-121.33969301,38.786250581,"01","8153 BAUSER AVE,Roseville,CA,95747",6061
"3734411000","11259 CORTE PLAYA CORONA","San Diego","CA",92124,-117.087377155,32.834966277,-117.087519834,32.834826589,-117.087235031,32.8351075185,NA,"11259 CORTE PLAYA CORONA,San Diego,CA,92124",6073
"5023001900","11133 LALANI DR","La Mesa","CA",91941,-116.952524098,32.7516913212,-116.95269069,32.7513594662,-116.952357539,32.7520231562,NA,"11133 LALANI DR,La Mesa,CA,91941",6073
"026937116","1684 SUSIE LN","San Bernardino","CA",92411,-117.327698917,34.1301999727,-117.327909352,34.1301180189,-117.327479983,34.1302830665,"510","1684 SUSIE LN,San Bernardino,CA,92411",6071
"144690046","7605 TURTLE MOUNTAIN CIR","Corona","CA",92880,-117.595031431,33.9499206516,-117.595187484,33.9498107205,-117.594835143,33.9500810603,NA,"7605 TURTLE MOUNTAIN CIR,Corona,CA,92880",6065
"4138001009","2300 E Imperial Hwy","El Segundo","CA",90245,-118.382112516,33.9301917519,-118.382905912,33.9296341572,-118.381271787,33.9307765212,"1706","2300 E Imperial Hwy,El Segundo,CA,90245",6037
"048A711102300","6016 N ROCKRIDGE BLVD","Oakland","CA",94618,-122.245266738,37.84490838,-122.245394956,37.8447798143,-122.24512253,37.8450707581,"1100","6016 N ROCKRIDGE BLVD,Oakland,CA,94618",6001
"134312004","3415 KLAMATH WOODS PL","Concord","CA",94518,-122.01627271,37.9441907983,-122.016606156,37.9440791265,-122.015994066,37.9443688751,NA,"3415 KLAMATH WOODS PL,Concord,CA,94518",6013
"516192004","3400 NEVIN AVE","Richmond","CA",94805,-122.336578819,37.9351204383,-122.336695742,37.9349716863,-122.336462231,37.9352692351,NA,"3400 NEVIN AVE,Richmond,CA,94805",6013
"501 181101000","38472 BOTANY GRN","Fremont","CA",94536,-121.982316736,37.560847056,-121.982537469,37.5607135852,-121.982115328,37.5609453745,"1800","38472 BOTANY GRN,Fremont,CA,94536",6001
"5223018008","4848 O Sullivan Dr",NA,"CA",90032,-118.176429022,34.0656238269,-118.176611197,34.0655123693,-118.176237768,34.065729819,"0100","4848 O Sullivan Dr,NA,CA,90032",6037
"56823613S","2254 E REVERE RD","FRESNO","CA",93720,-119.743080528,36.8801896422,-119.743186875,36.8800507545,-119.742974184,36.8803285437,"11","2254 E REVERE RD,FRESNO,CA,93720",6019
"12105201050000","8150 PADOVA CT","Sacramento","CA",95829,-121.370460493,38.461763388,-121.37063505,38.461677656,-121.370281407,38.4618494769,NA,"8150 PADOVA CT,Sacramento,CA,95829",6067
"452 001204300","26078 EASTMAN CT","Hayward","CA",94544,-122.074060643,37.6486282634,-122.074186948,37.6485058625,-122.073930359,37.648755964,"1100","26078 EASTMAN CT,Hayward,CA,94544",6001
"011 088306300","687 MANDANA BLVD","Oakland","CA",94610,-122.237759012,37.8101920886,-122.237857452,37.8100311461,-122.237660572,37.810353031,"1100","687 MANDANA BLVD,Oakland,CA,94610",6001
"498463165","5722 SHERWOOD LAKE CT","Bakersfield","CA",93313,-119.077724193,35.3020092961,-119.077933535,35.3019260185,-119.077514767,35.3020925635,"0101","5722 SHERWOOD LAKE CT,Bakersfield,CA,93313",6029
"1891050","4125 KIRKHAM ST","San Francisco","CA",94122,-122.50515714,37.7583405651,-122.505209883,37.7582026566,-122.505104396,37.7584784736,NA,"4125 KIRKHAM ST,San Francisco,CA,94122",6075
"2580531300","211 4TH ST","Encinitas","CA",92024,-117.296943532,33.0493472749,-117.297110402,33.0492649489,-117.296775818,33.0494296374,NA,"211 4TH ST,Encinitas,CA,92024",6073
"4287013001","529 Hill St",NA,"CA",90405,-118.47857438,34.0042108289,-118.478752319,34.0040491805,-118.478396422,34.0043724359,"0200","529 Hill St,NA,CA,90405",6037
"3101047008","5321 Jaime Ct","City Ranch","CA",93551,-118.226108818,34.6333463217,-118.226288527,34.6331726415,-118.225926944,34.6335181696,"0100","5321 Jaime Ct,City Ranch,CA,93551",6037
"5725002904","738 N Fair Oaks Ave","Pasadena","CA",91103,-118.150136902,34.1585182842,-118.150468356,34.1584614197,-118.149805415,34.1585751505,"100V","738 N Fair Oaks Ave,Pasadena,CA,91103",6037
"58081028","350 MILL RD","Angels Camp","CA",95222,-120.56802837,38.0672089508,-120.568599897,38.0668500016,-120.567551912,38.0675034517,"1100","350 MILL RD,Angels Camp,CA,95222",6009
"58017012","79 S MAIN ST","Angels Camp",NA,95222,-120.557441463,38.0817062875,-120.557600316,38.0815514071,-120.557283487,38.0818579811,"1100","79 S MAIN ST,Angels Camp,NA,95222",6009
"00624105","1460 MYRTLE AVE","Eureka","CA",95501,-124.140406693,40.7972739769,-124.140515417,40.7971102943,-124.140291444,40.7974700435,"CITY OF EU","1460 MYRTLE AVE,Eureka,CA,95501",6023
"360162013","2893 RUFF AVE","Pinole","CA",94564,-122.28141752,37.9934143674,-122.28171072,37.9932926079,-122.281055677,37.9935358193,NA,"2893 RUFF AVE,Pinole,CA,94564",6013
"075 002400600","1767 CLARKE ST","San Leandro","CA",94577,-122.156198918,37.7195968886,-122.156554739,37.7193935101,-122.155842678,37.7197999988,"7700","1767 CLARKE ST,San Leandro,CA,94577",6001
"955171029","42919 CORTE ABANILLA","Temecula","CA",92592,-117.109553508,33.4999763358,-117.109812588,33.4998654139,-117.109240453,33.5000978597,NA,"42919 CORTE ABANILLA,Temecula,CA,92592",6065
"1820407300","820 DEER SPRINGS RD","San Marcos","CA",92069,-117.140644703,33.196486367,-117.141094996,33.1947143,-117.140195054,33.1982283159,NA,"820 DEER SPRINGS RD,San Marcos,CA,92069",6073
"061406212","6761 QUAIL SPRING AVE","29 Palms","CA",92277,-116.155985046,34.1303136679,-116.156200602,34.1302100037,-116.155769489,34.1304173317,"510","6761 QUAIL SPRING AVE,29 Palms,CA,92277",6071
"150230004","90 CLEAVELAND RD","Pleasant Hill","CA",94523,-122.064331658,37.9443194951,-122.064391154,37.944288757,-122.064257372,37.9443554994,NA,"90 CLEAVELAND RD,Pleasant Hill,CA,94523",6013
"077A063300600","1265 WAINWRIGHT AVE","San Leandro","CA",94577,-122.171354667,37.7201020809,-122.171557021,37.7199904375,-122.171151547,37.7202136114,"1100","1265 WAINWRIGHT AVE,San Leandro,CA,94577",6001
"6287017019","10535 Newville Ave","Downey","CA",90241,-118.108195475,33.9355093792,-118.108433201,33.9353483788,-118.107957443,33.9356706617,"0100","10535 Newville Ave,Downey,CA,90241",6037
"386322028","13102 SOLARIO LN","Bakersfield","CA",93306,-118.858357467,35.4113342992,-118.858586816,35.4110217623,-118.858061561,35.4116377242,"0101","13102 SOLARIO LN,Bakersfield,CA,93306",6029
"4640703800","5818 PAWNEE DR","La Mesa","CA",91942,-117.035631736,32.7818585663,-117.035835221,32.7816763025,-117.035475532,32.7820109961,NA,"5818 PAWNEE DR,La Mesa,CA,91942",6073
"111032213","7655 CONCORD AVE","Fontana","CA",92336,-117.456464019,34.1151978219,-117.456629599,34.115093019,-117.456298439,34.1153026239,"510","7655 CONCORD AVE,Fontana,CA,92336",6071
"48173016","1469 FIRESTONE LOOP","San Jose","CA",95116,-121.854616244,37.3454931707,-121.854749965,37.3453930324,-121.854481525,37.3455938709,NA,"1469 FIRESTONE LOOP,San Jose,CA,95116",6085
"5092005024","861 S Norton Ave","Los Angeles","CA",90005,-118.31959112,34.0568195842,-118.319854622,34.0566755638,-118.319329055,34.0569632119,"0200","861 S Norton Ave,Los Angeles,CA,90005",6037
"119-191-030","4302 W VICTOR AVE","Visalia","CA",93277,-119.338291251,36.3014451138,-119.338408024,36.3012714483,-119.338174409,36.3016184449,NA,"4302 W VICTOR AVE,Visalia,CA,93277",6107
"1890033335","314 E ELFIN GRN","Port Hueneme","CA",93041,-119.196098399,34.1785877539,-119.196221036,34.1784663019,-119.195969667,34.1787068351,NA,"314 E ELFIN GRN,Port Hueneme,CA,93041",6111
"501 182606500","3565 SEQUOIA CMN","Fremont","CA",94536,-122.002651101,37.5601225141,-122.002709078,37.5600444857,-122.002593128,37.5602005389,"1505","3565 SEQUOIA CMN,Fremont,CA,94536",6001
"70155028","780 BLAIRWOOD CT","San Jose","CA",95120,-121.830873248,37.2077572387,-121.831075394,37.2075666774,-121.830662415,37.2079429379,NA,"780 BLAIRWOOD CT,San Jose,CA,95120",6085
"4381701910","1361 CAMINITO GABALDON","San Diego","CA",92108,-117.151321103,32.7723568398,-117.152974571,32.7712757837,-117.148979183,32.7731601635,NA,"1361 CAMINITO GABALDON,San Diego,CA,92108",6073
"2355110300","1235 RIDGEGROVE LN","Escondido","CA",92029,-117.094596525,33.1036826666,-117.094826421,33.1035820375,-117.094367898,33.1037831864,NA,"1235 RIDGEGROVE LN,Escondido,CA,92029",6073
"4314014020","3538 Vinton Ave","Los Angeles","CA",90034,-118.406519476,34.0263255067,-118.406772435,34.0261564841,-118.406266524,34.0264945324,"0500","3538 Vinton Ave,Los Angeles,CA,90034",6037
"035-280-003-000","6005 WILHOFF LN","Granite Bay","CA",95746,-121.189708346,38.7614126899,-121.190127463,38.7608252361,-121.189272695,38.7620171534,"01","6005 WILHOFF LN,Granite Bay,CA,95746",6061
"2644030189","14501 Daisy Dr","Panorama City","CA",91402,-118.448590719,34.2413961359,-118.449360499,34.2408618272,-118.447875705,34.2417259838,"010D","14501 Daisy Dr,Panorama City,CA,91402",6037
"12106100420000","8360 LAS MONTANAS CT","Sacramento","CA",95829,-121.357206192,38.4541062454,-121.357446703,38.4540306104,-121.35698356,38.4541802869,NA,"8360 LAS MONTANAS CT,Sacramento,CA,95829",6067
"008-501-05","1732 OCEAN ST","Bonny Doon","CA",95060,-122.025537815,36.9872400515,-122.025628493,36.9871775819,-122.025447135,36.9873025201,"027","1732 OCEAN ST,Bonny Doon,CA,95060",6087
"8549008028","12351 Ferris Rd","El Monte","CA",91732,-118.007801349,34.0672727773,-118.007964646,34.0671335972,-118.007637936,34.0674114805,"0200","12351 Ferris Rd,El Monte,CA,91732",6037
"6155009015","13224 S Vesta Ave","Compton","CA",90222,-118.230081579,33.9114182194,-118.230326987,33.91128833,-118.229836147,33.9115481049,"0100","13224 S Vesta Ave,Compton,CA,90222",6037
"7714121571","1010 PALM CANYON DR",NA,NA,92004,-116.36155507,33.2609282917,-116.36592595,33.2568140977,-116.357076147,33.2652924038,NA,"1010 PALM CANYON DR,NA,NA,92004",6073
"2342607600","1816 HIGH GROVE DR","Escondido","CA",92027,-117.034036174,33.1080698442,-117.034589865,33.1073102689,-117.033587132,33.1090605347,NA,"1816 HIGH GROVE DR,Escondido,CA,92027",6073
"016-381-17","375 CLIFFORD AVE","Corralitos","CA",95076,-121.774673471,36.9195702514,-121.774749498,36.9195037772,-121.774595207,36.9196292627,"021","375 CLIFFORD AVE,Corralitos,CA,95076",6087
"030-062-13","16 RYAN AVE","Mill Valley","CA",94941,-122.531534242,37.8986234707,-122.531716533,37.8984668064,-122.531353301,37.8987815011,"11","16 RYAN AVE,Mill Valley,CA,94941",6041
"005-700-001","2612 Caspia Ln","Santa Barbara","CA",93108,-119.589520987,34.4196473302,-119.589592244,34.4195854794,-119.589451525,34.4197077496,"0199","2612 Caspia Ln,Santa Barbara,CA,93108",6083
"7516020002","21828 Barbara St","Torrance","CA",90503,-118.37303163,33.8299560141,-118.373184601,33.8297957581,-118.372862518,33.8301214942,"0100","21828 Barbara St,Torrance,CA,90503",6037
"8518030031","443 Prospect Ave","Monrovia","CA",91016,-117.992634007,34.1589027522,-117.992742552,34.1587639638,-117.992525471,34.1590414311,"0100","443 Prospect Ave,Monrovia,CA,91016",6037
"12014073","340 KIPLING ST","Palo Alto","CA",94301,-122.161714754,37.4486324165,-122.161889157,37.4484756637,-122.161540318,37.4487891367,NA,"340 KIPLING ST,Palo Alto,CA,94301",6085
"054-151-004-000","930 PEARSON RD","Paradise","CA",95969,-121.59717974,39.7517665191,-121.597314343,39.7513678693,-121.597043791,39.7521664174,"RS","930 PEARSON RD,Paradise,CA,95969",6007
"8174033034","10903 Reichling Ln","Los Nietos","CA",90606,-118.06778453,33.9839678033,-118.068019133,33.9837501426,-118.067549944,33.9841852658,"0100","10903 Reichling Ln,Los Nietos,CA,90606",6037
"160-173-28","487 VIA DEL PLANO","Novato","CA",94949,-122.551259717,38.0672425169,-122.551452991,38.0670833895,-122.551064317,38.0674080216,"11","487 VIA DEL PLANO,Novato,CA,94949",6041
"8545002004","12123 Ranchito St","El Monte","CA",91732,-118.004568625,34.0857485787,-118.0046629,34.0855549973,-118.004468166,34.0859462681,"0100","12123 Ranchito St,El Monte,CA,91732",6037
"119238116","7565 CUNNINGHAM ST","Highland","CA",92346,-117.221395108,34.1165754903,-117.221672673,34.1165067112,-117.221117569,34.1166442847,"0","7565 CUNNINGHAM ST,Highland,CA,92346",6071
"4190450200","4843 MOUNT CASAS DR","San Diego","CA",92117,-117.189603506,32.8168031982,-117.189756724,32.8166461491,-117.189445281,32.8169601737,NA,"4843 MOUNT CASAS DR,San Diego,CA,92117",6073
"45103028","1332 CRESTWOOD DR","San Jose","CA",95118,-121.887492859,37.2750830632,-121.88764861,37.2749246225,-121.88734069,37.2752407619,NA,"1332 CRESTWOOD DR,San Jose,CA,95118",6085
"2091121100","5525 COYOTE CT","Carlsbad","CA",92010,-117.279457318,33.1433341481,-117.279577948,33.1431456502,-117.279342816,33.1435314991,NA,"5525 COYOTE CT,Carlsbad,CA,92010",6073
"140083011","16 SAN BENITO CT","Walnut Creek","CA",94598,-122.030028392,37.9127059883,-122.030376498,37.9125922169,-122.029765646,37.9128850768,NA,"16 SAN BENITO CT,Walnut Creek,CA,94598",6013
"138021142","2018 QUINCY ST","Bakersfield","CA",93305,-118.968886834,35.3804888852,-118.969042491,35.3802568134,-118.968730737,35.3807206221,"0104","2018 QUINCY ST,Bakersfield,CA,93305",6029
"013829315","1196 W KING ST","San Bernardino","CA",92410,-117.310980787,34.1020456174,-117.31106035,34.1018737849,-117.310901224,34.1022174496,"510","1196 W KING ST,San Bernardino,CA,92410",6071
"38914059","18552 MARTHA AVE","Saratoga","CA",95070,-121.994976806,37.2768480058,-121.995117395,37.2766225132,-121.994836414,37.2770747438,NA,"18552 MARTHA AVE,Saratoga,CA,95070",6085
"07701710050000","10409 MILLS TOWER DR","Rancho Cordova","CA",95670,-121.303073598,38.5883605432,-121.303276735,38.5881721597,-121.302870125,38.5885488422,NA,"10409 MILLS TOWER DR,Rancho Cordova,CA,95670",6067
"2035009005","23448 Friar St","Woodland Hls","CA",91367,-118.638510671,34.1853230537,-118.638614394,34.1851479087,-118.638406476,34.1854976598,"0100","23448 Friar St,Woodland Hls,CA,91367",6037
"46710003","85 N 26TH ST","San Jose","CA",95116,-121.867136786,37.3487473028,-121.867348607,37.3485967824,-121.866922895,37.3488965164,NA,"85 N 26TH ST,San Jose,CA,95116",6085
"8076015003","15013 Piuma Ave","Norwalk","CA",90650,-118.105907,33.8943360847,-118.106076605,33.8942621535,-118.105737264,33.8944100346,"0100","15013 Piuma Ave,Norwalk,CA,90650",6037
"3416024000","17377 BROKEN ARROW PL","Nevada City","CA",95959,-120.966071119,39.2901363483,-120.966703683,39.2896756907,-120.965428702,39.2905982799,NA,"17377 BROKEN ARROW PL,Nevada City,CA,95959",6057
"941 010304301","7709 PEPPERTREE RD","Dublin","CA",94568,-121.941405118,37.7098454567,-121.941625593,37.7097256368,-121.941157642,37.7099384927,"1100","7709 PEPPERTREE RD,Dublin,CA,94568",6001
"5006015002","5752  10th Ave","Los Angeles","CA",90043,-118.327820237,33.9893401434,-118.328068107,33.9892697087,-118.32757235,33.9894105646,"0100","5752  10th Ave,Los Angeles,CA,90043",6037
"4147021005","4819 W 141st St","Hawthorne","CA",90250,-118.361931089,33.9039122119,-118.361997058,33.9037580663,-118.361865207,33.9040665506,"0100","4819 W 141st St,Hawthorne,CA,90250",6037
"12854029","34181 POWERHOUSE RD","AUBERRY","CA",93602,-119.495141946,37.0908055486,-119.496227707,37.0899433354,-119.493962908,37.0916342407,"11","34181 POWERHOUSE RD,AUBERRY,CA,93602",6019
"11919500110000","9540 CRYSTAL BAY LN","Elk Grove","CA",95758,-121.471970914,38.4112120679,-121.472190314,38.4110142166,-121.471800169,38.4114334901,NA,"9540 CRYSTAL BAY LN,Elk Grove,CA,95758",6067
"2644026084","9600 Sylmar Ave","Panorama City","CA",91402,-118.447409405,34.2444379458,-118.44795513,34.243880174,-118.446735446,34.2450515044,"010C","9600 Sylmar Ave,Panorama City,CA,91402",6037
"8529009053","856 Highland Ave","Duarte","CA",91010,-117.965677025,34.1423999088,-117.965755599,34.1423169778,-117.965605774,34.1424830084,"010D","856 Highland Ave,Duarte,CA,91010",6037
"2356031022","12415 Riverside Dr","Sherman Village","CA",91607,-118.403783073,34.1579266203,-118.404031424,34.1577547691,-118.403534767,34.1580984382,"010C","12415 Riverside Dr,Sherman Village,CA,91607",6037
"00337062","273 WALTER HAYS DR","Palo Alto","CA",94303,-122.138587668,37.4470034774,-122.138772908,37.4469208882,-122.138402392,37.4470860281,NA,"273 WALTER HAYS DR,Palo Alto,CA,94303",6085
"6750132035","1171 E AVENIDA DE LOS ARBOLES","Thousand Oaks","CA",91360,-118.859567793,34.215724483,-118.859704705,34.2155181534,-118.85943087,34.2159308185,NA,"1171 E AVENIDA DE LOS ARBOLES,Thousand Oaks,CA,91360",6111
"1250302100","3210 SAGE RD","Fallbrook","CA",92028,-117.170182578,33.3320117587,-117.171326264,33.331472591,-117.169068179,33.3328189953,NA,"3210 SAGE RD,Fallbrook,CA,92028",6073
"0700092015","7019 MEADOWVIEW CT","Ventura","CA",93003,-119.205463869,34.296836687,-119.205701179,34.2966135067,-119.205227946,34.2970667465,NA,"7019 MEADOWVIEW CT,Ventura,CA,93003",6111
"484041007","14161 AGAVE ST","Moreno Valley","CA",92553,-117.223930791,33.9148496234,-117.224139406,33.9147672906,-117.223695223,33.9149399672,NA,"14161 AGAVE ST,Moreno Valley,CA,92553",6065
"6053028018","215 W 103rd St","Los Angeles","CA",90003,-118.276774586,33.9431016228,-118.276857369,33.9429157709,-118.276691823,33.9432874923,"0100","215 W 103rd St,Los Angeles,CA,90003",6037
"128-071-024","286 W VISALIA RD","Farmersville","CA",93223,-119.209326207,36.2980838133,-119.209460379,36.2978909417,-119.209192054,36.2982766785,NA,"286 W VISALIA RD,Farmersville,CA,93223",6107
"03303124","361 BLUE ROCK RD","Garberville","CA",95542,-123.780466989,40.0720802398,-123.780693822,40.0718523217,-123.780140864,40.0722310685,"R-1-B-3-D","361 BLUE ROCK RD,Garberville,CA,95542",6023
"019020066","5551 LONE TREE WAY","Brentwood","CA",94513,-121.747575056,37.959449999,-121.748087667,37.9591557843,-121.747144688,37.9597346788,NA,"5551 LONE TREE WAY,Brentwood,CA,94513",6013
"036 244202804","4545 VIRGINIA AVE","Oakland","CA",94619,-122.197722067,37.7820749076,-122.197916772,37.7819302119,-122.197527362,37.7822196023,"1100","4545 VIRGINIA AVE,Oakland,CA,94619",6001
"20318200070000","5536 GREAT VALLEY DR","Antelope","CA",95843,-121.335700578,38.72188524,-121.335798069,38.721721328,-121.335600123,38.722064328,NA,"5536 GREAT VALLEY DR,Antelope,CA,95843",6067
"101142127","1004 MAGNOLIA AVE","Ontario","CA",91762,-117.672612849,34.0530427217,-117.673104515,34.0528960422,-117.67212124,34.0531893914,"510","1004 MAGNOLIA AVE,Ontario,CA,91762",6071
"3062133800","8830 SPARREN WAY","San Diego","CA",92129,-117.136811337,32.967308148,-117.136921545,32.9671571959,-117.136716153,32.9674470065,NA,"8830 SPARREN WAY,San Diego,CA,92129",6073
"31048459","6166 E CORTLAND AVE","FRESNO","CA",93727,-119.678456704,36.7821052994,-119.67856136,36.7819505347,-119.678352049,36.7822600638,"11","6166 E CORTLAND AVE,FRESNO,CA,93727",6019
"172070229","135 WHITE LN",NA,NA,93307,-118.996638827,35.3167683721,-118.997025155,35.315935656,-118.996252491,35.3176010822,"0106","135 WHITE LN,NA,NA,93307",6029
"6790053045","2421 HOOD DR","Thousand Oaks","CA",91362,-118.837312648,34.1891795026,-118.837532186,34.1889805405,-118.837139365,34.1894038374,NA,"2421 HOOD DR,Thousand Oaks,CA,91362",6111
"8203001055","14428 Amar Rd","La Puente","CA",91744,-117.96495198,34.0460070156,-117.966112579,34.0450626801,-117.963794986,34.0468949067,"010C","14428 Amar Rd,La Puente,CA,91744",6037
"8270013067","18425 Desidia St","Rowland Heights","CA",91748,-117.902179679,33.9918009109,-117.902321751,33.9916364997,-117.9020382,33.9919663019,"0400","18425 Desidia St,Rowland Heights,CA,91748",6037
"203064000000","865 MAJESTIC PINES DR",NA,NA,93546,-118.988606324,37.6347495259,-118.988675367,37.6347012246,-118.988529372,37.6347944421,"RESORT","865 MAJESTIC PINES DR,NA,NA,93546",6051
"912122036","25517 BROWNESTONE WAY","Murrieta","CA",92563,-117.170152616,33.5655626124,-117.17037984,33.5654062996,-117.169927524,33.5657201964,NA,"25517 BROWNESTONE WAY,Murrieta,CA,92563",6065
"7049012018","11035 Candor St","Cerritos","CA",90703,-118.097697162,33.8562155206,-118.097805087,33.8560875135,-118.097589424,33.8563442719,"0100","11035 Candor St,Cerritos,CA,90703",6037
"5700022315","1962 SMOKEWOOD CT","Thousand Oaks","CA",91362,-118.842845426,34.2136928287,-118.842947015,34.2135532682,-118.842745328,34.2138307516,NA,"1962 SMOKEWOOD CT,Thousand Oaks,CA,91362",6111
"235260035","2932 NEWGATE CT","Riverside","CA",92506,-117.373156486,33.9452231365,-117.3733381,33.9450950636,-117.372972299,33.9453476007,NA,"2932 NEWGATE CT,Riverside,CA,92506",6065
"48041308","4660 E BELGRAVIA AVE","FRESNO","CA",93725,-119.742704404,36.7154132684,-119.742827888,36.7152748157,-119.742589703,36.7155650496,"11","4660 E BELGRAVIA AVE,FRESNO,CA,93725",6019
"2803020004","18716 Kimbrough St","Canyon Country","CA",91351,-118.463509794,34.4237224207,-118.463613732,34.4235693921,-118.463406085,34.4238745767,"0101","18716 Kimbrough St,Canyon Country,CA,91351",6037
"11904400150000","6303 KILCONNELL DR","Elk Grove","CA",95758,-121.430642109,38.4116723162,-121.430777105,38.4114971963,-121.430500716,38.411858176,NA,"6303 KILCONNELL DR,Elk Grove,CA,95758",6067
"6215012046","8186 San Juan Ave","South Gate","CA",90280,-118.20029349,33.9599270481,-118.200399915,33.9598620319,-118.200187065,33.9599920643,"0100","8186 San Juan Ave,South Gate,CA,90280",6037
"50614137S","5593 W CALIMYRNA AVE","FRESNO","CA",93722,-119.89171332,36.8233177488,-119.891885276,36.8232184004,-119.891541637,36.8234211833,"11","5593 W CALIMYRNA AVE,FRESNO,CA,93722",6019
"2381414207","2425 CRANSTON DR","Escondido","CA",92025,-117.070699432,33.0909177251,-117.071202148,33.0903455605,-117.070165655,33.0915715982,NA,"2425 CRANSTON DR,Escondido,CA,92025",6073
"27701950140000","2124 MIDDLEBERRY RD","Sacramento","CA",95815,-121.424739054,38.6048024608,-121.424938522,38.6046757582,-121.424539766,38.6049292051,NA,"2124 MIDDLEBERRY RD,Sacramento,CA,95815",6067
"5589018015","1901 N Catalina St",NA,"CA",90027,-118.295368096,34.1055603666,-118.295583086,34.1054807849,-118.295153123,34.1056399463,"0100","1901 N Catalina St,NA,CA,90027",6037
"6344004028","1717 W Beverly Blvd","Montebello","CA",90640,-118.117898683,34.0193846436,-118.118160275,34.0191937222,-118.117641669,34.019561007,"190C","1717 W Beverly Blvd,Montebello,CA,90640",6037
"7260026012","2792 E 14th St",NA,"CA",90804,-118.159230421,33.7842661304,-118.159299629,33.7842036023,-118.159161016,33.7843288739,"0100","2792 E 14th St,NA,CA,90804",6037
"276233007","812 RENFREW WAY","Riverside","CA",92508,-117.317653201,33.9130409823,-117.317834919,33.9128750587,-117.317529633,33.9131866482,NA,"812 RENFREW WAY,Riverside,CA,92508",6065
"100754243","908 W ARROW HWY","Upland","CA",91786,-117.663316064,34.0990770263,-117.663396864,34.0990382176,-117.663235263,34.0991158342,"530","908 W ARROW HWY,Upland,CA,91786",6071
"5040024022","1323 W Jefferson Blvd","Dockweiler","CA",90007,-118.29528318,34.025767791,-118.295357782,34.0256041369,-118.295208575,34.0259314587,"1210","1323 W Jefferson Blvd,Dockweiler,CA,90007",6037
"005-250-037","408 CASA VERDE CIR","Petaluma","CA",94954,-122.600398141,38.2351805732,-122.600590267,38.2350162135,-122.600206156,38.2353449082,NA,"408 CASA VERDE CIR,Petaluma,CA,94954",6097
"49513326","3207 RENN AVE","CLOVIS","CA",93611,-119.683372561,36.7937348678,-119.683551479,36.7936456784,-119.683196142,36.7938244255,"11","3207 RENN AVE,CLOVIS,CA,93611",6019
"023 046700400","639 ALMA AVE","Oakland","CA",94610,-122.23862936,37.8048494047,-122.238827954,37.804707138,-122.238428968,37.8049783293,"1100","639 ALMA AVE,Oakland,CA,94610",6001
"015-370-037-000","695 ASTILL WAY","Roseville","CA",95678,-121.275130631,38.7648673226,-121.275359507,38.7646913537,-121.274918324,38.7650371307,"01","695 ASTILL WAY,Roseville,CA,95678",6061
"164430003","5762 LARRY DEAN ST","Corona","CA",92880,-117.572544781,33.9823982262,-117.572702994,33.9822361293,-117.572386525,33.9825612113,NA,"5762 LARRY DEAN ST,Corona,CA,92880",6065
"7056008","144 MONTANA ST","San Francisco","CA",94112,-122.457533331,37.7168751316,-122.457578648,37.7167049673,-122.457488013,37.7170452968,NA,"144 MONTANA ST,San Francisco,CA,94112",6075
"035511317","1062 EDNA ST",NA,NA,92397,-117.638724119,34.3606501703,-117.638889161,34.3604562879,-117.638559076,34.3608440488,"510","1062 EDNA ST,NA,NA,92397",6071
"034-423-085","1602 HOPPER AVE","Larkfield","CA",95403,-122.748854003,38.4794770395,-122.748952277,38.4793380273,-122.748754283,38.4796177553,NA,"1602 HOPPER AVE,Larkfield,CA,95403",6097
"602050006","48871 CASABLANCA CT","Chiriaco Smt","CA",92201,-116.26826536,33.6933684964,-116.26846779,33.6932654624,-116.26806026,33.6934727244,NA,"48871 CASABLANCA CT,Chiriaco Smt,CA,92201",6065
"504283006","8 SAN CARLOS AVE",NA,NA,94706,-122.288740167,37.8977584924,-122.28891659,37.8976830804,-122.288562808,37.897834645,NA,"8 SAN CARLOS AVE,NA,NA,94706",6013
"2200192065","2041 FALKNER PL","Oxnard","CA",93033,-119.15236973,34.1822395085,-119.152478192,34.1821009272,-119.152261252,34.1823781442,NA,"2041 FALKNER PL,Oxnard,CA,93033",6111
"2153033028","19300 Miranda St","Tarzana","CA",91356,-118.553715916,34.1746937491,-118.553797806,34.1745673267,-118.55363149,34.1748244119,"0100","19300 Miranda St,Tarzana,CA,91356",6037
"16733056","260 ALTA VISTA AVE","Los Altos","CA",94022,-122.123115251,37.386033229,-122.123453672,37.3859631332,-122.122798597,37.3861020429,NA,"260 ALTA VISTA AVE,Los Altos,CA,94022",6085
"79901039","7840 ROSANNA ST","Gilroy","CA",95020,-121.575170857,37.0129105563,-121.575434401,37.0127599624,-121.574906944,37.0130610908,NA,"7840 ROSANNA ST,Gilroy,CA,95020",6085
"6226020040","7619 Wilcox Ave","Bell Gardens","CA",90201,-118.17897933,33.9652724527,-118.179219308,33.9648165844,-118.178547312,33.9659022363,"1100","7619 Wilcox Ave,Bell Gardens,CA,90201",6037
"50215220","7558 N IVANHOE AVE","FRESNO","CA",93722,-119.891867869,36.8455549117,-119.892025323,36.845395698,-119.891686571,36.8457062918,"11","7558 N IVANHOE AVE,FRESNO,CA,93722",6019
"6026022021","1910 E 81st St","Firestone Park","CA",90001,-118.238396368,33.9650131073,-118.23844881,33.9649091345,-118.238343043,33.9651160371,"0100","1910 E 81st St,Firestone Park,CA,90001",6037
"003 003301000","814   20TH ST","Oakland","CA",94607,-122.277385399,37.811906659,-122.277500202,37.8117696651,-122.277270601,37.8120436644,"2500","814   20TH ST,Oakland,CA,94607",6001
"5773004400","7713 DANIELLE DR","Lemon Grove","CA",91945,-117.027530517,32.7196966486,-117.027715972,32.7196121055,-117.027329274,32.7197722555,NA,"7713 DANIELLE DR,Lemon Grove,CA,91945",6073
"361106073","7108 NOAH AVE","Bakersfield","CA",93308,-119.081675361,35.424547237,-119.081816787,35.4243423679,-119.081533495,35.4247519063,"0106","7108 NOAH AVE,Bakersfield,CA,93308",6029
"0541015","2077 UNION ST","San Francisco","CA",94123,-122.433484705,37.7970884084,-122.433671929,37.7969486194,-122.433347903,37.7972588797,NA,"2077 UNION ST,San Francisco,CA,94123",6075
"251643011","2421 DRIFTWOOD DR","Rosamond","CA",93560,-118.175109779,34.8538725302,-118.175237224,34.8537316154,-118.174987908,34.854006987,"0101","2421 DRIFTWOOD DR,Rosamond,CA,93560",6029
"4940100600","8300 CENTER DR","La Mesa","CA",91942,-117.01858873,32.7728893263,-117.018954775,32.7724139051,-117.018211313,32.7733035253,NA,"8300 CENTER DR,La Mesa,CA,91942",6073
"308364003","15615 SAGE CT","Moreno Valley","CA",92555,-117.204824535,33.8938202883,-117.204983655,33.8937457697,-117.204657403,33.8938926956,NA,"15615 SAGE CT,Moreno Valley,CA,92555",6065
"4411021003","14915 Camarosa Dr","Pacific Palisades","CA",90272,-118.521556955,34.034903677,-118.521778188,34.0346870305,-118.521316126,34.0351295947,"0101","14915 Camarosa Dr,Pacific Palisades,CA,90272",6037
"2337022004","5843 Vineland Ave","North Hollywood","CA",91601,-118.370595516,34.1770135835,-118.37076088,34.1769448406,-118.370430143,34.1770823127,"0100","5843 Vineland Ave,North Hollywood,CA,91601",6037
"030610506","467 TIMBER LN",NA,NA,92315,-116.946517266,34.2445678644,-116.946729504,34.2444369749,-116.946305097,34.244698756,"510","467 TIMBER LN,NA,NA,92315",6071
"11516500510000","8573 BANEBARRY CT","Elk Grove","CA",95624,-121.386671,38.4455051649,-121.386858544,38.4453667072,-121.386489472,38.4456650497,NA,"8573 BANEBARRY CT,Elk Grove,CA,95624",6067
"083404046000","1987 COGSWELL CIR","Los Banos","CA",93635,-120.827843434,37.0477717951,-120.828018212,37.0476231716,-120.827696661,37.0479263766,"101","1987 COGSWELL CIR,Los Banos,CA,93635",6047
"2348009115","11911 Magnolia Blvd","Sherman Village","CA",91607,-118.39257765,34.165370199,-118.392891594,34.1649918512,-118.392233647,34.1658093603,"010C","11911 Magnolia Blvd,Sherman Village,CA,91607",6037
"087-151-004","4003 W CAMBRIDGE AVE","Visalia","CA",93277,-119.335109863,36.3143649846,-119.33525368,36.3141721738,-119.334966047,36.3145577947,NA,"4003 W CAMBRIDGE AVE,Visalia,CA,93277",6107
"040810211","10381 MAPLE AVE","Hesperia","CA",92345,-117.346110927,34.4389784047,-117.346382761,34.438839966,-117.345839619,34.4391167597,"510","10381 MAPLE AVE,Hesperia,CA,92345",6071
"3150060057","2131 Cypress St",NA,"CA",93535,-118.091454455,34.6904942625,-118.091566938,34.6902550082,-118.091356236,34.6906458282,"0100","2131 Cypress St,NA,CA,93535",6037
"8108007019","2521 Burkett Rd",NA,"CA",91732,-118.018165154,34.049616558,-118.018600654,34.0492508372,-118.017729739,34.0499828171,"0100","2521 Burkett Rd,NA,CA,91732",6037
"402412013","11010 BEL AIR DR","Cherry Valley","CA",92223,-116.947185865,33.9626263859,-116.947322186,33.9624991362,-116.947028623,33.9627667751,NA,"11010 BEL AIR DR,Cherry Valley,CA,92223",6065
"21622046","2569 AMETHYST DR","Santa Clara","CA",95051,-121.98476514,37.3693081819,-121.984889939,37.3690945906,-121.984634457,37.3695084756,NA,"2569 AMETHYST DR,Santa Clara,CA,95051",6085
"146362017","5300 PANORAMA DR","Bakersfield","CA",93306,-118.934361768,35.4035040399,-118.934535163,35.403326437,-118.93418837,35.4036816553,"0101","5300 PANORAMA DR,Bakersfield,CA,93306",6029
"5375010017","8434 Woodlawn Ave","San Gabriel","CA",91775,-118.085259163,34.1178246971,-118.085362662,34.1176226214,-118.085155727,34.118027143,"0100","8434 Woodlawn Ave,San Gabriel,CA,91775",6037
"392033023","8424 STUART CT","Bakersfield","CA",93311,-119.095967855,35.3151448213,-119.09623093,35.3149589231,-119.095788459,35.3152868369,"0101","8424 STUART CT,Bakersfield,CA,93311",6029
"26200820250000","507 CURRAN AVE","Sacramento","CA",95833,-121.473963275,38.6213792033,-121.47407813,38.6211786805,-121.473847908,38.6215800023,NA,"507 CURRAN AVE,Sacramento,CA,95833",6067
"367-010-054-000","5040 CONCORD RD","Rocklin","CA",95765,-121.256884434,38.8223468358,-121.257082241,38.8221861902,-121.256686628,38.8225074821,"01","5040 CONCORD RD,Rocklin,CA,95765",6061
"4095003024","2322 W 177th St","Torrance","CA",90504,-118.319993944,33.8696834321,-118.320082964,33.8695459141,-118.319904923,33.8698209499,"0100","2322 W 177th St,Torrance,CA,90504",6037
"8712005019","20649 Seton Hill Dr","Walnut","CA",91789,-117.852437203,34.0530202104,-117.852668953,34.0527575899,-117.852170031,34.053467897,"0100","20649 Seton Hill Dr,Walnut,CA,91789",6037
"776310036","79860 DE SOL A SOL","La Quinta","CA",92253,-116.271361115,33.6833028471,-116.271491253,33.6830965914,-116.271228046,33.6834915374,NA,"79860 DE SOL A SOL,La Quinta,CA,92253",6065
"5246011006","1025 S Mcdonnell Ave","East Los Angeles","CA",90022,-118.168999145,34.0202640153,-118.169230548,34.020165402,-118.16876817,34.0203623588,"0100","1025 S Mcdonnell Ave,East Los Angeles,CA,90022",6037
"038141020000","3849 KLAMATH WAY","Napa","CA",94558,-122.314195259,38.3279923094,-122.314565172,38.3278161834,-122.313811054,38.328123181,"111","3849 KLAMATH WAY,Napa,CA,94558",6055
"100-200-046","1820 N HIGHWAY 1","Bodega Bay","CA",94923,-123.046934347,38.3386418834,-123.047137502,38.3385034472,-123.046731189,38.3387803335,NA,"1820 N HIGHWAY 1,Bodega Bay,CA,94923",6097
"085 630401900","5509 ROTHMAN CT","Castro Valley","CA",94552,-122.048851538,37.7160683025,-122.049079779,37.7158990291,-122.048556332,37.7162218694,"1100","5509 ROTHMAN CT,Castro Valley,CA,94552",6001
"127290008","2726 RESERVOIR DR","Norco","CA",92860,-117.548237748,33.9219467223,-117.548906892,33.9215564632,-117.547484498,33.9223804929,NA,"2726 RESERVOIR DR,Norco,CA,92860",6065
"1850052085","3351 TAFFRAIL LN","Oxnard","CA",93035,-119.214250615,34.1910065552,-119.214388855,34.1908939904,-119.214083031,34.1911472781,NA,"3351 TAFFRAIL LN,Oxnard,CA,93035",6111
"27709007","454 RAYMOND AVE","San Jose","CA",95128,-121.928197736,37.3206626926,-121.92837248,37.3206065284,-121.928023285,37.3207188048,NA,"454 RAYMOND AVE,San Jose,CA,95128",6085
"72618038","867 ENGLISH WALNUT CT","Morgan Hill","CA",95037,-121.640513501,37.1389159309,-121.640934509,37.138582274,-121.640167961,37.1393626831,NA,"867 ENGLISH WALNUT CT,Morgan Hill,CA,95037",6085
"509162053","1228 ANN CT","Ridgecrest","CA",93555,-117.672784363,35.6017503452,-117.673029139,35.60157279,-117.672590054,35.6019459905,"0101","1228 ANN CT,Ridgecrest,CA,93555",6029
"2204913400","821 PLUMERIA ST","San Marcos","CA",92069,-117.166850138,33.1488337595,-117.167109641,33.14859864,-117.166570582,33.1490405295,NA,"821 PLUMERIA ST,San Marcos,CA,92069",6073
"2851007016","25783 Player Dr","Valencia","CA",91355,-118.563871593,34.3898331987,-118.563915313,34.3897520839,-118.563827872,34.3899143005,"010D","25783 Player Dr,Valencia,CA,91355",6037
"187070004","4863 GLENWOOD DR","Riverside","CA",92501,-117.396117274,33.9790603693,-117.396285813,33.9789120591,-117.395985867,33.9791743631,NA,"4863 GLENWOOD DR,Riverside,CA,92501",6065
"518310028","640   37TH ST","Richmond","CA",94805,-122.332621626,37.9395061313,-122.332809039,37.9394132511,-122.332434209,37.9395990369,NA,"640   37TH ST,Richmond,CA,94805",6013
"40661406S","6726 N STONEBRIDGE DR","FRESNO","CA",93711,-119.842224632,36.8357871119,-119.842306444,36.8356671179,-119.842134165,36.8359247605,"11","6726 N STONEBRIDGE DR,FRESNO,CA,93711",6019
"48813050","2924 MOSS POINT DR","San Jose","CA",95127,-121.814694648,37.3464250258,-121.814851272,37.3462689958,-121.81453893,37.3465802342,NA,"2924 MOSS POINT DR,San Jose,CA,95127",6085
"47244048","637 S 22ND ST","San Jose","CA",95116,-121.863998724,37.3365670546,-121.864105818,37.3364339423,-121.863891683,37.3367000148,NA,"637 S 22ND ST,San Jose,CA,95116",6085
"126241041","2318 ROBINSON ST","Bakersfield","CA",93305,-118.979590417,35.39328832,-118.979784506,35.3932210288,-118.979396011,35.3933555352,"0102","2318 ROBINSON ST,Bakersfield,CA,93305",6029
"439350014","843 ARIA RD","Hemet","CA",92543,-116.96841865,33.761074715,-116.968601423,33.760983982,-116.968238865,33.7611649525,NA,"843 ARIA RD,Hemet,CA,92543",6065
"015-101-61","230 HOLM RD","Corralitos","CA",95076,-121.788140946,36.9218559039,-121.788344295,36.9216841877,-121.787959989,36.9220321686,"020","230 HOLM RD,Corralitos,CA,95076",6087
"8342009003","1022 W 3rd St","Phillips Ranch","CA",91766,-117.761553411,34.0563729002,-117.761639792,34.0562006748,-117.761467029,34.0565450696,"0300","1022 W 3rd St,Phillips Ranch,CA,91766",6037
"383125085","2509 NOBLE AVE","Bakersfield","CA",93306,-118.9648301,35.3995887065,-118.964949681,35.3994258615,-118.96471047,35.3997512309,"0101","2509 NOBLE AVE,Bakersfield,CA,93306",6029
"072-160-019","17345 SUMMIT AVE","Guerneville","CA",95446,-123.012301494,38.4952353293,-123.012415213,38.4950684218,-123.012189218,38.4954094761,NA,"17345 SUMMIT AVE,Guerneville,CA,95446",6097
"005-204-14","110 SANTA CRUZ AVE","San Anselmo","CA",94960,-122.565860888,37.9859230721,-122.566104383,37.9857583958,-122.565617393,37.9860877484,"11","110 SANTA CRUZ AVE,San Anselmo,CA,94960",6041
"4276020028","1231  25th St","Santa Monica","CA",90404,-118.477199856,34.0348176677,-118.47743745,34.0346214542,-118.476962263,34.0350138797,"0500","1231  25th St,Santa Monica,CA,90404",6037
"099 029401000","2507 ANCONA CIR","Livermore","CA",94550,-121.787612741,37.6529351512,-121.78791728,37.6527377368,-121.787288849,37.6531164539,"1100","2507 ANCONA CIR,Livermore,CA,94550",6001
"21903700090000","5219 AIRONS CT","Sacramento","CA",95842,-121.342212564,38.7015544351,-121.342461358,38.7013764166,-121.34198901,38.7017149068,NA,"5219 AIRONS CT,Sacramento,CA,95842",6067
"7355029043","1308 Border Ave",NA,"CA",90501,-118.313664123,33.8352876049,-118.313880489,33.8351519512,-118.313392728,33.8353592708,"1700","1308 Border Ave,NA,CA,90501",6037
"45525048","2419 PEBBLE BEACH DR","San Jose","CA",95125,-121.877658282,37.2895373271,-121.877853833,37.289380725,-121.877461861,37.2896931691,NA,"2419 PEBBLE BEACH DR,San Jose,CA,95125",6085
"048-142-070-000","8825 BELLA TERRA PL","Granite Bay","CA",95746,-121.191505253,38.7399455373,-121.192270208,38.7396320893,-121.190607085,38.7403759619,"01","8825 BELLA TERRA PL,Granite Bay,CA,95746",6061
"3155720422","13341 CAMINITO CIERA","San Diego","CA",92129,-117.102723723,32.9610810696,-117.10357853,32.9604135973,-117.101969375,32.9617807281,NA,"13341 CAMINITO CIERA,San Diego,CA,92129",6073
"519 119407000","48802 LYRA ST","Fremont","CA",94539,-121.919533075,37.4768918779,-121.919705017,37.4767598284,-121.919348126,37.4770112622,"1100","48802 LYRA ST,Fremont,CA,94539",6001
"8705030015","1298 Venezia Pl","Phillips Ranch","CA",91766,-117.787231607,34.0466844877,-117.787532339,34.0465027367,-117.786980933,34.046959115,"0100","1298 Venezia Pl,Phillips Ranch,CA,91766",6037
"8529009002","827 Miltonwood Ave",NA,"CA",91010,-117.965239005,34.1425378463,-117.965458018,34.1424680439,-117.965008955,34.1426081768,"0100","827 Miltonwood Ave,NA,CA,91010",6037
"4026029011","9117 S 2nd Ave","Inglewood","CA",90305,-118.319154426,33.9546194681,-118.319377146,33.9545327156,-118.318931724,33.9547062183,"0100","9117 S 2nd Ave,Inglewood,CA,90305",6037
"5526026022","542 N Sierra Bonita Ave",NA,"CA",90036,-118.353956529,34.0815300977,-118.354171329,34.0814605196,-118.353741699,34.0815996651,"0100","542 N Sierra Bonita Ave,NA,CA,90036",6037
"06708000810000","4172 CHOTEAU CIR","Rancho Cordova","CA",95742,-121.216817656,38.5524642633,-121.216914287,38.5523199109,-121.216721024,38.5526086154,NA,"4172 CHOTEAU CIR,Rancho Cordova,CA,95742",6067
"501 074707700","4388 NAGLE WAY","Fremont","CA",94536,-121.998789506,37.5464538828,-121.998979331,37.5462909793,-121.998574957,37.5466178547,"1100","4388 NAGLE WAY,Fremont,CA,94536",6001
"041118218","19099 LEMON ST",NA,NA,92308,-117.243915085,34.4394007983,-117.249611181,34.4366708206,-117.242016386,34.4420922683,"600","19099 LEMON ST,NA,NA,92308",6071
"5891500600","4808 BUTTERNUT HOLLOW LN","Bonita","CA",91902,-117.028658454,32.6728333538,-117.028929327,32.6725044629,-117.028388745,32.6731633009,NA,"4808 BUTTERNUT HOLLOW LN,Bonita,CA,91902",6073
"016-060-004-000","2635 BONANZA ST","Rocklin","CA",95677,-121.253523563,38.8023660903,-121.253706102,38.8021927439,-121.253353626,38.8025209509,"01","2635 BONANZA ST,Rocklin,CA,95677",6061
"32004213","224 L ST","SANGER","CA",93657,-119.555142396,36.7129206339,-119.555410186,36.7128205168,-119.554877443,36.7130205399,"11","224 L ST,SANGER,CA,93657",6019
"65432054","1808 FLINT CREEK CT","San Jose","CA",95148,-121.791649013,37.3522394665,-121.791790563,37.3521854499,-121.791507474,37.3522934825,NA,"1808 FLINT CREEK CT,San Jose,CA,95148",6085
"8615020030","643 W 1st St","Azusa","CA",91702,-117.914369259,34.1220598386,-117.914471978,34.1217499633,-117.914267352,34.1223709539,"0300","643 W 1st St,Azusa,CA,91702",6037
"010092014000","16324 SUMMIT WAY","Delhi","CA",95315,-120.783116188,37.4204966527,-120.783237639,37.4203359921,-120.782998825,37.4206577917,"101","16324 SUMMIT WAY,Delhi,CA,95315",6047
"4935010600","409 AVENIDA ABAJO","El Cajon","CA",92020,-116.957956153,32.7763796235,-116.958259927,32.7761912618,-116.957709708,32.7766282585,NA,"409 AVENIDA ABAJO,El Cajon,CA,92020",6073
"6240011029","15129 Minnesota Ave","Paramount","CA",90723,-118.166986401,33.8955166815,-118.167110672,33.8954474567,-118.166862146,33.8955859033,"0100","15129 Minnesota Ave,Paramount,CA,90723",6037
"2506034042","12566 San Fernando Rd","Kagel Canyon","CA",91342,-118.456762064,34.2982384322,-118.456960324,34.2980696359,-118.456563804,34.2984072286,"0100","12566 San Fernando Rd,Kagel Canyon,CA,91342",6037
"309246127","15578 WINONA ST","Spg Valley Lk","CA",92395,-117.324000982,34.4890342144,-117.324102098,34.4889192503,-117.323899867,34.4891491772,"510","15578 WINONA ST,Spg Valley Lk,CA,92395",6071
"6241102500","1541 MARBLE CT","Chula Vista","CA",91911,-117.037981551,32.6021201966,-117.038179809,32.602032039,-117.037780573,32.6022109608,NA,"1541 MARBLE CT,Chula Vista,CA,91911",6073
"941 018308800","7816 GATE WAY","Dublin","CA",94568,-121.938329876,37.7229038102,-121.938402919,37.7228181521,-121.938258096,37.7229865433,"1500","7816 GATE WAY,Dublin,CA,94568",6001
"455590070","8799 STEPHENSON LN","Hemet","CA",92545,-117.064481863,33.7468543929,-117.064642139,33.7466875143,-117.0643436,33.7470075816,NA,"8799 STEPHENSON LN,Hemet,CA,92545",6065
"043732406","22589 EL CENTRO RD","Apple Valley","CA",92307,-117.171010808,34.5522042791,-117.171237701,34.5519473291,-117.170747315,34.5525071638,"510","22589 EL CENTRO RD,Apple Valley,CA,92307",6071
"064-151-11","485 BROOKSIDE WAY","Felton","CA",95018,-122.073036412,37.0372137126,-122.073580605,37.0369519446,-122.07246618,37.0374359097,"020","485 BROOKSIDE WAY,Felton,CA,95018",6087
"048021202","18200 HARBOR DR",NA,NA,92395,-117.265970446,34.5022268306,-117.266183261,34.5020534365,-117.265757631,34.5024002245,"510","18200 HARBOR DR,NA,NA,92395",6071
"2204007008","17138 Lorne St","Van Nuys","CA",91406,-118.506921616,34.2169960224,-118.50700944,34.2168403304,-118.506833791,34.2171517142,"0100","17138 Lorne St,Van Nuys,CA,91406",6037
"5265003054","2005 Clover Dr","Monterey Park","CA",91755,-118.117372881,34.0404601382,-118.117591444,34.040281633,-118.11715212,34.0406402907,"0100","2005 Clover Dr,Monterey Park,CA,91755",6037
"36016010","19529 E LINCOLN AVE","REEDLEY","CA",93654,-119.438411454,36.6458743995,-119.439537688,36.6432043047,-119.436404563,36.6475388362,"79","19529 E LINCOLN AVE,REEDLEY,CA,93654",6019
"48128510S","5444 E KAVILAND","FRESNO","CA",93727,-119.706958367,36.7098274839,-119.707187894,36.7096926356,-119.706752908,36.710005667,"11","5444 E KAVILAND,FRESNO,CA,93727",6019
"0531400130","424 WEST ST","Hollister","CA",95023,-121.405865337,36.8521477442,-121.40600465,36.8520830008,-121.405725214,36.8522123863,NA,"424 WEST ST,Hollister,CA,95023",6069
"5244014029","2180 Cowlin Ave","Commerce","CA",90040,-118.162921586,34.007082356,-118.163116655,34.0069093815,-118.162729239,34.007238855,"0100","2180 Cowlin Ave,Commerce,CA,90040",6037
"5264017029","1016 Fulton Ave","Monterey Park","CA",91755,-118.123196285,34.051155339,-118.123317094,34.0510111329,-118.12305646,34.0513073769,"0100","1016 Fulton Ave,Monterey Park,CA,91755",6037
"049-101-076","5236 PRESSLEY RD","Santa Rosa","CA",95404,-122.635355367,38.3516701109,-122.637603875,38.3507770007,-122.633392246,38.3535056708,NA,"5236 PRESSLEY RD,Santa Rosa,CA,95404",6097
"6121009019","811 W 169th St",NA,"CA",90247,-118.289406437,33.8782792788,-118.289497603,33.878142636,-118.289315268,33.878415908,"0100","811 W 169th St,NA,CA,90247",6037
"5807003138","2239 Montrose Ave","Montrose","CA",91020,-118.226708183,34.2093673136,-118.226969585,34.2090687381,-118.226449686,34.2096690799,"010C","2239 Montrose Ave,Montrose,CA,91020",6037
"039632308","13705 BURNING TREE DR","Spg Valley Lk","CA",92395,-117.322638465,34.5007211321,-117.322805949,34.5006068708,-117.32247098,34.5008353926,"510","13705 BURNING TREE DR,Spg Valley Lk,CA,92395",6071
"085A470000220","35550 PALOMARES RD","Castro Valley","CA",94552,-121.945872374,37.6301202061,-121.947113964,37.6294643506,-121.94475034,37.6308157751,"5100","35550 PALOMARES RD,Castro Valley,CA,94552",6001
"028123110","1742 GOULD ST","Loma Linda","CA",92354,-117.24985286,34.0710020487,-117.249944035,34.0707716302,-117.249761685,34.0712324657,"603","1742 GOULD ST,Loma Linda,CA,92354",6071
"1244053600","3110 LARKWOOD CT","Fallbrook","CA",92028,-117.19634772,33.3257085943,-117.196709157,33.3253892972,-117.196036354,33.3260962629,NA,"3110 LARKWOOD CT,Fallbrook,CA,92028",6073
"021-552-005-000","285 R ST","Lincoln","CA",95648,-121.307784981,38.8889258131,-121.308005377,38.8888817156,-121.307564685,38.8889699364,"01","285 R ST,Lincoln,CA,95648",6061
"5709023015","344 Malcolm Dr","Pasadena","CA",91105,-118.177022481,34.1352917198,-118.177289595,34.1351209993,-118.176763136,34.1354571748,"0100","344 Malcolm Dr,Pasadena,CA,91105",6037
"5464010100","711 S 38TH ST","San Diego","CA",92113,-117.112304379,32.6986611462,-117.112388112,32.6984919625,-117.112222291,32.6988290968,NA,"711 S 38TH ST,San Diego,CA,92113",6073
"8664008021","1256 Deventer Dr",NA,"CA",91750,-117.779379991,34.1255128949,-117.779551066,34.1253127326,-117.779211402,34.1257140351,"0101","1256 Deventer Dr,NA,CA,91750",6037
"3182151000","11149 BOOTES ST","San Diego","CA",92126,-117.131523865,32.9239189511,-117.131691587,32.9238477018,-117.131355612,32.9239902597,NA,"11149 BOOTES ST,San Diego,CA,92126",6073
"12318108","2020 POWFOOT WAY","El Dorado Hills","CA",95762,-121.044021562,38.6826026698,-121.044289716,38.6823990844,-121.043748767,38.682798477,"11","2020 POWFOOT WAY,El Dorado Hills,CA,95762",6017
"4340324800","5885 RANCHO MISSION RD","San Diego","CA",92108,-117.111198823,32.7811790984,-117.112360732,32.7807340672,-117.110537819,32.7816982716,NA,"5885 RANCHO MISSION RD,San Diego,CA,92108",6073
"1230018000","15532 COLFAX HWY","Grass Valley","CA",95945,-120.97726703,39.1908722032,-120.977509333,39.190665766,-120.977033723,39.1910703586,NA,"15532 COLFAX HWY,Grass Valley,CA,95945",6057
"6659004","1735 DOLORES ST","San Francisco","CA",94131,-122.423824761,37.7417593357,-122.423979122,37.7417151524,-122.423659813,37.7418032627,NA,"1735 DOLORES ST,San Francisco,CA,94131",6075
"4315120900","1735 W DRESCHER ST","San Diego","CA",92111,-117.174232027,32.7768277315,-117.174418059,32.7766940367,-117.174053916,32.7769570981,NA,"1735 W DRESCHER ST,San Diego,CA,92111",6073
"69216020","322 COPCO LN","San Jose","CA",95123,-121.820923968,37.2467921441,-121.821026752,37.2466482316,-121.82082116,37.2469360176,NA,"322 COPCO LN,San Jose,CA,95123",6085
"2608026012","12571 Henzie Pl","Granada Hills","CA",91344,-118.511497391,34.2990576913,-118.511735419,34.2989520566,-118.511258863,34.2991638459,"0100","12571 Henzie Pl,Granada Hills,CA,91344",6037
"8417012048","4521 N Vincent Ave","Covina","CA",91722,-117.925860856,34.0947555214,-117.926035462,34.0946745619,-117.925677182,34.0948378927,"0100","4521 N Vincent Ave,Covina,CA,91722",6037
"8107023016","2443 Maxson Rd","El Monte","CA",91732,-118.024303129,34.0531938967,-118.024520502,34.0530114779,-118.024085635,34.0533763541,"0100","2443 Maxson Rd,El Monte,CA,91732",6037
"8726018041","18800 Bench St","La Puente","CA",91744,-117.893001556,34.0042747526,-117.893332985,34.0041440326,-117.892744361,34.0044298104,"0100","18800 Bench St,La Puente,CA,91744",6037
"141-450-005","3410 E Highway 246","Santa Ynez","CA",93460,-120.089547148,34.6063897159,-120.094532711,34.5915129219,-120.084561585,34.6099107957,"8000","3410 E Highway 246,Santa Ynez,CA,93460",6083
"10520006","1280 BARRISTER CT","Placerville","CA",95667,-120.970815116,38.782538825,-120.971854904,38.7816528823,-120.969485964,38.7833999638,"22","1280 BARRISTER CT,Placerville,CA,95667",6017
"2780011003","20560 Gresham St","Winnetka","CA",91306,-118.581909565,34.2303721086,-118.582035972,34.2302277381,-118.581783154,34.2305164652,"0101","20560 Gresham St,Winnetka,CA,91306",6037
"3015014007","1546 E Avenue Q",NA,"CA",93550,-118.101525068,34.5855545245,-118.101772238,34.5854370564,-118.101279538,34.5856724251,"0100","1546 E Avenue Q,NA,CA,93550",6037
"2724011036","9534 Hunt Club Ln","Chatsworth","CA",91311,-118.621542862,34.2441750055,-118.621832736,34.2435343153,-118.621328113,34.2445115957,"0101","9534 Hunt Club Ln,Chatsworth,CA,91311",6037
"526341169","5112 NATCHEZ LN","Bakersfield","CA",93312,-119.120314616,35.4062537614,-119.120517058,35.4061628875,-119.120112144,35.4063446369,"0101","5112 NATCHEZ LN,Bakersfield,CA,93312",6029
"8258003020","18750 Barroso St","Rowland Heights","CA",91748,-117.895356495,33.9758896412,-117.895508866,33.9757249414,-117.895203267,33.9760461075,"0100","18750 Barroso St,Rowland Heights,CA,91748",6037
"016865114","1119 VIA SAN REMO","Redlands","CA",92374,-117.143035394,34.0673628622,-117.143215421,34.0672942983,-117.142854939,34.0674317418,"531","1119 VIA SAN REMO,Redlands,CA,92374",6071
"3884550200","1630 GARYWOOD ST","El Cajon","CA",92021,-116.953917667,32.8221969895,-116.954073153,32.8221022991,-116.953762398,32.8222919235,NA,"1630 GARYWOOD ST,El Cajon,CA,92021",6073
"3019045011","37723 Vintage Dr","Palmdale","CA",93550,-118.085732103,34.5680905451,-118.085888782,34.5679902137,-118.085575435,34.5681908592,"0101","37723 Vintage Dr,Palmdale,CA,93550",6037
"527033021","11702 WRANGLER DR","Bakersfield","CA",93312,-119.132366242,35.4010442461,-119.132468353,35.4008926997,-119.132264246,35.4011958245,"0101","11702 WRANGLER DR,Bakersfield,CA,93312",6029
"2455029058","436 E Magnolia Blvd",NA,"CA",91501,-118.308341337,34.1857450306,-118.308639072,34.1854995403,-118.308041437,34.1859885043,"0500","436 E Magnolia Blvd,NA,CA,91501",6037
"1734503100","424 GAREY DR","Vista","CA",92084,-117.238352388,33.2256359804,-117.23853475,33.2255359619,-117.238170259,33.2257348701,NA,"424 GAREY DR,Vista,CA,92084",6073
"519052021","1132 BURGUNDY ST","Delano","CA",93215,-119.260545632,35.7697941953,-119.260710479,35.7697197502,-119.26038078,35.7698686272,"0190","1132 BURGUNDY ST,Delano,CA,93215",6029
"4155212210","4767 OCEAN BLVD","San Diego","CA",92109,-117.258338011,32.8004336128,-117.258689378,32.8000268631,-117.257331729,32.8009567456,NA,"4767 OCEAN BLVD,San Diego,CA,92109",6073
"678181002","31055 WHISPERING PALMS TRL","Cathedral City","CA",92234,-116.471493103,33.8228135071,-116.471693042,33.822729628,-116.471293552,33.8228976753,NA,"31055 WHISPERING PALMS TRL,Cathedral City,CA,92234",6065
"4159008049","2218 Pullman Ln",NA,"CA",90278,-118.371067949,33.8640350867,-118.371150788,33.8638288015,-118.370985093,33.8642412618,"010C","2218 Pullman Ln,NA,CA,90278",6037
"2865034064","28158 Royal Rd","Castaic","CA",91384,-118.62959445,34.5002988374,-118.629817598,34.5001440911,-118.629347398,34.500465272,"0101","28158 Royal Rd,Castaic,CA,91384",6037
"3092321100","11428 SPICA DR","San Diego","CA",92126,-117.139125065,32.9326914258,-117.139291182,32.9326159782,-117.138960795,32.9327695149,NA,"11428 SPICA DR,San Diego,CA,92126",6073
"02224118","1920 MARCONI WAY","S Lake Tahoe","CA",96150,-120.017892681,38.9290532655,-120.018126505,38.9288544934,-120.017610174,38.9293335719,"11","1920 MARCONI WAY,S Lake Tahoe,CA,96150",6017
"4224091","1050 MISSISSIPPI ST","San Francisco","CA",94107,-122.39399529,37.7531402697,-122.394171107,37.7530960766,-122.393819474,37.7531844628,NA,"1050 MISSISSIPPI ST,San Francisco,CA,94107",6075
"105121009","3700 MERRIDAN DR","Concord","CA",94518,-122.011059074,37.9658599399,-122.01128656,37.9656704906,-122.010837191,37.9660260266,NA,"3700 MERRIDAN DR,Concord,CA,94518",6013
"3182840100","8857 CASSIOEPIA WAY","San Diego","CA",92126,-117.132968927,32.9276060219,-117.133053473,32.92746365,-117.132883983,32.9277463575,NA,"8857 CASSIOEPIA WAY,San Diego,CA,92126",6073
"031-351-013","516 E Gutierrez St","Santa Barbara","CA",93103,-119.687740291,34.4214406699,-119.688001643,34.4212366988,-119.687479089,34.4216445521,"1100","516 E Gutierrez St,Santa Barbara,CA,93103",6083
"2070332115","1525 N 5TH PL","Port Hueneme","CA",93041,-119.193797196,34.1632290719,-119.193979779,34.1631514598,-119.193614617,34.1633066833,NA,"1525 N 5TH PL,Port Hueneme,CA,93041",6111
"3004020038","632 W Avenue Q12","City Ranch","CA",93551,-118.141830555,34.5762684617,-118.141947104,34.5761131358,-118.14171363,34.5764242508,"0100","632 W Avenue Q12,City Ranch,CA,93551",6037
"413 005903700","57 SHASTA ST","Hayward","CA",94541,-122.115739827,37.6818394224,-122.115921596,37.6816997235,-122.115551395,37.681985164,"1100","57 SHASTA ST,Hayward,CA,94541",6001
"5072027015","1550 4th Ave","Los Angeles","CA",90019,-118.320882849,34.0439166416,-118.321114195,34.0438471941,-118.320651504,34.0439860891,"0100","1550 4th Ave,Los Angeles,CA,90019",6037
"56013708","14 W SCANDIA LN","CLOVIS","CA",93619,-119.711821167,36.8624541274,-119.711907054,36.8623628683,-119.711734667,36.8625460574,"11","14 W SCANDIA LN,CLOVIS,CA,93619",6019
"2451025009","367 W Cedar Ave","Burbank","CA",91506,-118.312842301,34.167493843,-118.313084866,34.1672868438,-118.312582719,34.1677059918,"0100","367 W Cedar Ave,Burbank,CA,91506",6037
"130070011","3643 NORTHRIDGE DR","Concord","CA",94518,-122.018167802,37.9594522976,-122.018559955,37.9592280466,-122.017702103,37.9597366738,NA,"3643 NORTHRIDGE DR,Concord,CA,94518",6013
"8159003017","9951 Mills Ave","Whittier","CA",90604,-118.027416282,33.943475593,-118.028184178,33.9430660086,-118.026628537,33.9439188156,"7100","9951 Mills Ave,Whittier,CA,90604",6037
"438110016","41849 STATE HIGHWAY 74","Hemet","CA",92544,-116.931710203,33.747023328,-116.932441884,33.7464483553,-116.931293762,33.7476152039,NA,"41849 STATE HIGHWAY 74,Hemet,CA,92544",6065
"5524039026","361 N Citrus Ave","Los Angeles","CA",90036,-118.340019189,34.0781117545,-118.340239228,34.0780172953,-118.339793112,34.0782082505,"0100","361 N Citrus Ave,Los Angeles,CA,90036",6037
"035-440-028","730 PLACER CT","Santa Rosa","CA",95401,-122.768277796,38.4409942766,-122.768404487,38.4408781614,-122.768087103,38.4411667303,NA,"730 PLACER CT,Santa Rosa,CA,95401",6097
"5348021011","105 E Valley Blvd",NA,"CA",91801,-118.121591521,34.078976798,-118.12181453,34.0787733225,-118.121367465,34.079182262,"2300","105 E Valley Blvd,NA,CA,91801",6037
"005-082-002","808 MAPLE DR","Petaluma","CA",94954,-122.61822344,38.2377604294,-122.618407391,38.2376048597,-122.618039342,38.2379160089,NA,"808 MAPLE DR,Petaluma,CA,94954",6097
"5447025035","228 S Avenue 18","Lincoln Heights","CA",90031,-118.221512265,34.070861883,-118.221847199,34.0706093203,-118.22117733,34.0711144346,"010C","228 S Avenue 18,Lincoln Heights,CA,90031",6037
"035507406","782 EVERGREEN RD",NA,NA,92397,-117.644854968,34.3639822832,-117.645015986,34.3638238544,-117.644693949,34.3641407119,"510","782 EVERGREEN RD,NA,NA,92397",6071
"58001022","12885 AUBERRY RD","CLOVIS","CA",93619,-119.718235971,36.9202349052,-119.719447042,36.9193117075,-119.717034015,36.9211501648,"72","12885 AUBERRY RD,CLOVIS,CA,93619",6019
"4853410400","8796 DALLAS ST","La Mesa","CA",91942,-117.007692755,32.7911330312,-117.007786508,32.790967363,-117.007600582,32.791299876,NA,"8796 DALLAS ST,La Mesa,CA,91942",6073
"5351900500","1940 MARKET ST","San Diego","CA",92102,-117.14605533,32.7118005258,-117.146168886,32.7116748082,-117.14593808,32.7119283636,NA,"1940 MARKET ST,San Diego,CA,92102",6073
"4038002006","5138 W Century Blvd","Inglewood","CA",90304,-118.36915056,33.9450996198,-118.369269777,33.9449416919,-118.369031596,33.9452577375,"2200","5138 W Century Blvd,Inglewood,CA,90304",6037
"047-191-49","204 EVERGREEN AVE","Mill Valley","CA",94941,-122.539550181,37.8956380915,-122.539682334,37.8954425174,-122.539419123,37.8958333247,"11","204 EVERGREEN AVE,Mill Valley,CA,94941",6041
"026705110","2259 W 2ND AVE","Arrowhead Farms","CA",92407,-117.346806895,34.1628007969,-117.346942513,34.1625122039,-117.346671276,34.16308939,"510","2259 W 2ND AVE,Arrowhead Farms,CA,92407",6071
"052111004","2817 HONEYSUCKLE CIR","Antioch","CA",94531,-121.776593967,37.993132471,-121.776800586,37.9929568183,-121.776345059,37.9932841006,NA,"2817 HONEYSUCKLE CIR,Antioch,CA,94531",6013
"042608234","29191 ARROWHEAD AVE","Barstow","CA",92311,-117.025746637,34.912868718,-117.025947962,34.9123463621,-117.025545483,34.9133912864,"601","29191 ARROWHEAD AVE,Barstow,CA,92311",6071
"2140121023","6400 SURFSIDE LN","Carlsbad","CA",92011,-117.321819747,33.1124025043,-117.321901888,33.1123371215,-117.321737607,33.1124678871,NA,"6400 SURFSIDE LN,Carlsbad,CA,92011",6073
"6037004002","8906 La Salle Ave","Los Angeles","CA",90047,-118.305417028,33.9560616263,-118.305639644,33.9559916175,-118.305194397,33.9561316215,"0100","8906 La Salle Ave,Los Angeles,CA,90047",6037
"076 030802900","943 HELEN AVE","San Leandro","CA",94577,-122.146743507,37.7370368568,-122.146816534,37.73681991,-122.146671011,37.7372596836,"1100","943 HELEN AVE,San Leandro,CA,94577",6001
"8444009010","345 S Citrus Ave",NA,"CA",91723,-117.890713887,34.0832782007,-117.891119323,34.0827716957,-117.890307746,34.0837838472,"2600","345 S Citrus Ave,NA,CA,91723",6037
"6217023018","9514 Hunt Ave","South Gate","CA",90280,-118.191551532,33.9469014713,-118.191776466,33.9468067309,-118.191326228,33.9469961532,"0100","9514 Hunt Ave,South Gate,CA,90280",6037
"2162006053","17914 Magnolia Blvd","Encino","CA",91316,-118.522729921,34.1650836837,-118.5233473,34.1648494672,-118.522118798,34.1652870714,"010C","17914 Magnolia Blvd,Encino,CA,91316",6037
"2162001106","5500 Lindley Ave","Encino","CA",91316,-118.526498503,34.1706137155,-118.527131738,34.1704655172,-118.525882498,34.1707711605,"010C","5500 Lindley Ave,Encino,CA,91316",6037
"29327034","2809 FORBES AVE","Santa Clara","CA",95051,-121.974226766,37.3328504747,-121.974449572,37.3326832299,-121.974053353,37.3329621505,NA,"2809 FORBES AVE,Santa Clara,CA,95051",6085
"130103013","1901 KENT DR","Bakersfield","CA",93306,-118.956301584,35.3849997374,-118.956607906,35.3849138249,-118.956023093,35.385163064,"0101","1901 KENT DR,Bakersfield,CA,93306",6029
"500552047","10808 BARDON HILL DR","Bakersfield","CA",93312,-119.12362414,35.3596810987,-119.123758112,35.3595077681,-119.123488142,35.3598518067,"0101","10808 BARDON HILL DR,Bakersfield,CA,93312",6029
"25602410010000","4607 BRIARWOOD DR","Sacramento","CA",95821,-121.357288244,38.6264697675,-121.357549373,38.6263463561,-121.357018279,38.6265759444,NA,"4607 BRIARWOOD DR,Sacramento,CA,95821",6067
"074 107600600","3312 FIR AVE","Alameda","CA",94502,-122.241064018,37.7325715896,-122.241174466,37.7324597373,-122.24095357,37.7326834415,"1500","3312 FIR AVE,Alameda,CA,94502",6001
"272210018","4 LOST VALLEY CT","Orinda","CA",94563,-122.166095305,37.8542565695,-122.166709714,37.8537865414,-122.165357302,37.8548262946,NA,"4 LOST VALLEY CT,Orinda,CA,94563",6013
"4293520100","2465 BARTEL ST","San Diego","CA",92123,-117.129026852,32.7899481683,-117.129228441,32.7897812512,-117.128824053,32.7901132245,NA,"2465 BARTEL ST,San Diego,CA,92123",6073
"049-281-16","58 MANFRE RD","Corralitos","CA",95076,-121.798472449,36.9287849497,-121.79900619,36.9284424179,-121.797822356,36.9290991963,"020","58 MANFRE RD,Corralitos,CA,95076",6087
"4335011008","136 S La Peer Dr",NA,"CA",90048,-118.386497148,34.0741780391,-118.386695449,34.0741091247,-118.386298848,34.0742469535,"0100","136 S La Peer Dr,NA,CA,90048",6037
"116729165","12711 MICHIGAN ST","Grand Terrace","CA",92313,-117.322022286,34.0227614204,-117.322264707,34.0226245059,-117.321782387,34.0228998281,"510","12711 MICHIGAN ST,Grand Terrace,CA,92313",6071
"4266012004","2822 Montana Ave","Santa Monica","CA",90403,-118.481072766,34.0431850008,-118.481300912,34.042992259,-118.480844628,34.0433777358,"0400","2822 Montana Ave,Santa Monica,CA,90403",6037
"113-080-030","79 SPRAUER RD","Petaluma","CA",94952,-122.708859793,38.2695598821,-122.709523068,38.2694273148,-122.708197092,38.269693314,NA,"79 SPRAUER RD,Petaluma,CA,94952",6097
"6430514133","1863 OPALINE PL","Chula Vista","CA",91913,-116.97711229,32.6290112147,-116.97868385,32.6274920986,-116.975635369,32.63066498,NA,"1863 OPALINE PL,Chula Vista,CA,91913",6073
"5171122000","2067 VISTA HERMOSA WAY","El Cajon","CA",92019,-116.911662188,32.7661809258,-116.911826785,32.7657971041,-116.911497405,32.766565019,NA,"2067 VISTA HERMOSA WAY,El Cajon,CA,92019",6073
"7266014067","429 Almond Ave","Long Beach","CA",90802,-118.175027807,33.7722761443,-118.175250032,33.7722069219,-118.17480559,33.7723453695,"010E","429 Almond Ave,Long Beach,CA,90802",6037
"011 086310900","4215 LAKESHORE AVE","Oakland","CA",94610,-122.232711311,37.8162028919,-122.232895256,37.8160487896,-122.232504773,37.816350121,"1100","4215 LAKESHORE AVE,Oakland,CA,94610",6001
"6079003005","1404 W Imperial Hwy","Los Angeles","CA",90047,-118.300701805,33.9306500924,-118.300964043,33.9304792713,-118.300436599,33.9308233124,"2100","1404 W Imperial Hwy,Los Angeles,CA,90047",6037
"2227710201","968 FORTUNE RD","San Marcos","CA",92078,-117.163255901,33.1180288479,-117.16441431,33.1166079668,-117.162078907,33.1199755458,NA,"968 FORTUNE RD,San Marcos,CA,92078",6073
"028-052-48","1841 ALICE ST","Santa Cruz","CA",95062,-121.985416365,36.9642051917,-121.985568722,36.9640496089,-121.98524909,36.9643969348,"020","1841 ALICE ST,Santa Cruz,CA,95062",6087
"026218206","3940 JUNE ST","Arrowhead Farms","CA",92407,-117.348901264,34.1673418196,-117.349134646,34.167258507,-117.348667881,34.167425133,"510","3940 JUNE ST,Arrowhead Farms,CA,92407",6071
"102008208","12951 BENSON 144 AVE",NA,NA,91710,-117.679651981,34.0173675668,-117.679724929,34.0173333698,-117.679579031,34.0174017648,"530","12951 BENSON 144 AVE,NA,NA,91710",6071
"1551050","1733 ANZA ST","San Francisco","CA",94118,-122.466903448,37.7787566757,-122.466953803,37.7786556005,-122.466853093,37.7788577403,NA,"1733 ANZA ST,San Francisco,CA,94118",6075
"103013142","15400 SPRUCE LN","Chino Hills","CA",91709,-117.719824701,33.9735129406,-117.720009098,33.9733863326,-117.719649125,33.973642963,"510","15400 SPRUCE LN,Chino Hills,CA,91709",6071
"029344038","5920 West Mall","Atascadero","CA",93422,-120.668100907,35.4895497551,-120.668252596,35.4894377936,-120.66794936,35.4896614766,NA,"5920 West Mall,Atascadero,CA,93422",6079
"7220007014","1449 N Anaheim Pl","Long Beach","CA",90804,-118.13677923,33.7852050084,-118.136881366,33.7851499897,-118.136676957,33.785260204,"0100","1449 N Anaheim Pl,Long Beach,CA,90804",6037
"101795247","5258 RENOIR LN","Chino Hills","CA",91709,-117.689188179,33.9582592234,-117.689320304,33.9580949936,-117.689066413,33.9584472744,"510","5258 RENOIR LN,Chino Hills,CA,91709",6071
"44426312","1624 N ARTHUR AVE","FRESNO","CA",93705,-119.815077149,36.7654174421,-119.81529564,36.7653328563,-119.814858577,36.7655020352,"11","1624 N ARTHUR AVE,FRESNO,CA,93705",6019
"3134311901","12168 ROYAL LYTHAM ROW","San Diego","CA",92128,-117.072420667,32.9998025906,-117.072737576,32.9985991383,-117.07090965,33.000481093,NA,"12168 ROYAL LYTHAM ROW,San Diego,CA,92128",6073
"010251026","284 PECAN PL","Brentwood","CA",94513,-121.701529925,37.9239314846,-121.701664159,37.9237010647,-121.701402819,37.9241359988,NA,"284 PECAN PL,Brentwood,CA,94513",6013
"8410002001","5103 N Saint Malo Ave",NA,"CA",91722,-117.923521759,34.1050592777,-117.923696886,34.1049325974,-117.923343737,34.1052008246,"0100","5103 N Saint Malo Ave,NA,CA,91722",6037
"5109004019","142 E 49th St",NA,"CA",90011,-118.273105757,33.9980689366,-118.273188581,33.9978824587,-118.273022914,33.9982554129,"0100","142 E 49th St,NA,CA,90011",6037
"007-640-004","101 ELLIS ST","Petaluma","CA",94952,-122.633351397,38.2455722996,-122.63344513,38.2455083963,-122.633257636,38.2456362248,NA,"101 ELLIS ST,Petaluma,CA,94952",6097
"2150231075","1432 SONATA DR","Oxnard","CA",93030,-119.161869939,34.2158143581,-119.162021465,34.2157441645,-119.161718472,34.2158845596,NA,"1432 SONATA DR,Oxnard,CA,93030",6111
"525 023101500","1322 AUSTIN ST","Fremont","CA",94539,-121.94526693,37.5422709483,-121.945471985,37.5420901874,-121.945069655,37.5424542104,"1100","1322 AUSTIN ST,Fremont,CA,94539",6001
"296175078","23450 YEE ST","Moreno Valley","CA",92553,-117.253275748,33.9226214192,-117.253374819,33.9224678876,-117.253177768,33.9227691371,NA,"23450 YEE ST,Moreno Valley,CA,92553",6065
"411 005708800","16160 CHANNEL ST","San Lorenzo","CA",94580,-122.139144304,37.6727649375,-122.139351582,37.6726293551,-122.138939385,37.6729018985,"1100","16160 CHANNEL ST,San Lorenzo,CA,94580",6001
"303621014","3470 NATURE TRAIL CT","Perris","CA",92571,-117.197117888,33.8350978948,-117.197331095,33.8350113386,-117.196902252,33.8351845648,NA,"3470 NATURE TRAIL CT,Perris,CA,92571",6065
"166131017","430 DERBY CT","Pleasant Hill","CA",94523,-122.082922918,37.9356576339,-122.083110523,37.9355514586,-122.082735943,37.9357631646,NA,"430 DERBY CT,Pleasant Hill,CA,94523",6013
"05200620160000","7669 LYTLE ST","Sacramento","CA",95832,-121.495830187,38.4783363904,-121.496035638,38.4782183485,-121.495619284,38.4784573864,NA,"7669 LYTLE ST,Sacramento,CA,95832",6067
"4381702203","8085 CAMINITO DE PIZZA","San Diego","CA",92108,-117.151321103,32.7723568398,-117.152974571,32.7712757837,-117.148979183,32.7731601635,NA,"8085 CAMINITO DE PIZZA,San Diego,CA,92108",6073
"8632029001","1309 S Briargate Ln","Glendora","CA",91740,-117.881056416,34.1154061366,-117.881256912,34.1153147841,-117.88085826,34.115494704,"0100","1309 S Briargate Ln,Glendora,CA,91740",6037
"07523618","36922 LOS ANGELES","HURON","CA",93234,-120.104288049,36.1968386188,-120.104526245,36.1967624115,-120.104046543,36.1969151259,"11","36922 LOS ANGELES,HURON,CA,93234",6019
"166070043","20 WATERBERRY CT","Pleasant Hill","CA",94523,-122.086788531,37.9449674776,-122.086983448,37.9447923801,-122.08652769,37.9451369704,NA,"20 WATERBERRY CT,Pleasant Hill,CA,94523",6013
"7422016013","1446 N Banning Blvd","Wilmington","CA",90744,-118.259241021,33.7928085235,-118.25945923,33.7927398977,-118.25902284,33.7928771466,"0100","1446 N Banning Blvd,Wilmington,CA,90744",6037
"6820222105","365 WINDTREE AVE","Newbury Park","CA",91320,-118.896791911,34.1829330132,-118.897030563,34.1827305034,-118.89654861,34.183134034,NA,"365 WINDTREE AVE,Newbury Park,CA,91320",6111
"774113031","53605 AVENIDA ALVARADO","La Quinta","CA",92253,-116.314320455,33.659240052,-116.314480526,33.6591732743,-116.314159981,33.6593068882,NA,"53605 AVENIDA ALVARADO,La Quinta,CA,92253",6065
"5046011031","4837 Exposition Blvd","Los Angeles","CA",90016,-118.349560928,34.0247598976,-118.349699918,34.0244895259,-118.349424305,34.0250181346,"3300","4837 Exposition Blvd,Los Angeles,CA,90016",6037
"2327020018","7031 Morse Ave",NA,"CA",91605,-118.416288201,34.1985566087,-118.41649592,34.1984731615,-118.416072692,34.1986375951,"0100","7031 Morse Ave,NA,CA,91605",6037
"2242017029","14931 Friar St","Van Nuys","CA",91411,-118.458540436,34.1859131302,-118.45862885,34.1857479975,-118.45845202,34.186078249,"0100","14931 Friar St,Van Nuys,CA,91411",6037
"065 265504700","1035 CORNELL AVE","Albany","CA",94706,-122.294510391,37.8859575934,-122.294689481,37.8858890484,-122.294332821,37.8860270061,"1100","1035 CORNELL AVE,Albany,CA,94706",6001
"099B530301200","1709 ALTAMONT CIR","Livermore","CA",94551,-121.716703947,37.719862141,-121.716899603,37.7197215532,-121.716575441,37.720048426,"1100","1709 ALTAMONT CIR,Livermore,CA,94551",6001
"70433025","301 BLAIRBETH DR","San Jose","CA",95119,-121.78799067,37.2248663433,-121.788163642,37.2247703729,-121.787818648,37.2249673351,NA,"301 BLAIRBETH DR,San Jose,CA,95119",6085
"5778003090","590 W Huntington Dr","Arcadia","CA",91007,-118.051366302,34.1308341092,-118.051967996,34.1301023366,-118.05074658,34.1315501772,"010C","590 W Huntington Dr,Arcadia,CA,91007",6037
"17908019","339 WASHO DR","Ukiah","CA",95482,-123.189815787,39.1489773461,-123.190015081,39.1488589948,-123.18961615,39.1490939143,NA,"339 WASHO DR,Ukiah,CA,95482",6045
"2802012025","18722 Oakmoor St","Canyon Country","CA",91351,-118.464515704,34.4265812284,-118.464627841,34.4264341013,-118.464403571,34.4267283691,"0100","18722 Oakmoor St,Canyon Country,CA,91351",6037
"015211102","3396 N D ST","San Bernardino","CA",92405,-117.292155986,34.1528472256,-117.292385271,34.1527650162,-117.291926402,34.1529297579,"510","3396 N D ST,San Bernardino,CA,92405",6071
"5213003027","4752 Academy St","El Sereno Car","CA",90032,-118.182190349,34.0863857028,-118.182389457,34.0863296136,-118.181991222,34.0864418029,"0300","4752 Academy St,El Sereno Car,CA,90032",6037
"489-250-030-000","1200 WHITNEY RANCH PKWY","Rocklin","CA",95765,-121.290399369,38.8304856979,-121.290459518,38.8304239978,-121.290333313,38.8305618238,"04","1200 WHITNEY RANCH PKWY,Rocklin,CA,95765",6061
"037A275901404","6530 SUNNYMERE AVE","Oakland","CA",94605,-122.169035425,37.7779557507,-122.169208737,37.7777975952,-122.168857849,37.7781077369,"1100","6530 SUNNYMERE AVE,Oakland,CA,94605",6001
"4091013011","17804 Glenburn Ave","Torrance","CA",90504,-118.330203334,33.8689729449,-118.33029472,33.8688356834,-118.330113311,33.8691124467,"0100","17804 Glenburn Ave,Torrance,CA,90504",6037
"138-064-008","242 N B ST","Exeter","CA",93221,-119.138576387,36.2994960132,-119.138831617,36.2993652683,-119.138322064,36.2996271498,NA,"242 N B ST,Exeter,CA,93221",6107
"041-091-04","1230 TROUT GULCH RD","Aptos","CA",95003,-121.886742944,36.9821702374,-121.886935778,36.982005418,-121.886571783,36.9823040384,"020","1230 TROUT GULCH RD,Aptos,CA,95003",6087
"062-170-23-1","16475 OAKRIDGE RD","Red Bluff",NA,96080,-122.423110732,40.0136721182,-122.423687096,40.0132413836,-122.422466051,40.0140654695,"050","16475 OAKRIDGE RD,Red Bluff,NA,96080",6103
"3840126100","9428 PROSPECT AVE","Santee","CA",92071,-116.992013172,32.8340295184,-116.99215995,32.8339419356,-116.991817219,32.834099927,NA,"9428 PROSPECT AVE,Santee,CA,92071",6073
"2281102100","911 DEODAR RD",NA,NA,92069,-117.111952289,33.1363072374,-117.112571992,33.1357975598,-117.111263704,33.1369144319,NA,"911 DEODAR RD,NA,NA,92069",6073
"008270006","5465 EDGEVIEW DR","Discovery Bay","CA",94505,-121.596062832,37.9005034278,-121.5962456,37.9003231712,-121.595874386,37.9006876461,NA,"5465 EDGEVIEW DR,Discovery Bay,CA,94505",6013
"43711415","3704 N THESTA ST","FRESNO","CA",93726,-119.783099853,36.7846316237,-119.783270743,36.7845394122,-119.782928964,36.7847238356,"11","3704 N THESTA ST,FRESNO,CA,93726",6019
"04515010S","21845 S DERRICK","COALINGA","CA",93210,-120.469299306,36.4103419346,-120.473799015,36.4067306655,-120.464796192,36.4139762011,"78","21845 S DERRICK,COALINGA,CA,93210",6019
"4923412500","933 S MAGNOLIA AVE","El Cajon","CA",92020,-116.961894259,32.7826468334,-116.962169302,32.7825667384,-116.961619678,32.7827277229,NA,"933 S MAGNOLIA AVE,El Cajon,CA,92020",6073
"45134065","4385 LONARDO AVE","San Jose","CA",95118,-121.890326858,37.2610970246,-121.890518724,37.2609787727,-121.890119933,37.2612158343,NA,"4385 LONARDO AVE,San Jose,CA,95118",6085
"4052014005","13724 Chadron Ave","Hawthorne","CA",90250,-118.328072298,33.9064900207,-118.328575314,33.9063130642,-118.327569279,33.9066669769,"0501","13724 Chadron Ave,Hawthorne,CA,90250",6037
"023410003000","1458 LINCOLN LN","Lemoore","CA",93245,-119.801995282,36.2945308414,-119.802124436,36.2943858264,-119.80186618,36.2946758277,"100","1458 LINCOLN LN,Lemoore,CA,93245",6031
"4261008006","11276 Santa Monica Blvd","Los Angeles","CA",90025,-118.447978916,34.046234682,-118.448215828,34.0460142598,-118.447754586,34.0464387797,"1100","11276 Santa Monica Blvd,Los Angeles,CA,90025",6037
"073-210-066-000","350 PONDEROSA HTS","Applegate","CA",95703,-120.985073058,39.0070810892,-120.985886726,39.0061286664,-120.984214847,39.0077284006,"01","350 PONDEROSA HTS,Applegate,CA,95703",6061
"78310001","9800 BURCHELL RD","Gilroy","CA",95020,-121.647849246,37.0306812534,-121.64831053,37.0298276033,-121.647405597,37.0315613704,NA,"9800 BURCHELL RD,Gilroy,CA,95020",6085
"206372029","115 PARKHAVEN DR","Blackhawk","CA",94506,-121.90781992,37.7954325141,-121.908045646,37.7953439796,-121.907594197,37.7955210475,NA,"115 PARKHAVEN DR,Blackhawk,CA,94506",6013
"04183016","4881 STRING CANYON RD","Fair Play","CA",95684,-120.542678158,38.6462108214,-120.54431277,38.6452310652,-120.540765307,38.6470351172,"22","4881 STRING CANYON RD,Fair Play,CA,95684",6017
"4305601700","4940 SEPTEMBER ST","San Diego","CA",92110,-117.190211681,32.7776456433,-117.190614872,32.7774739016,-117.189873626,32.7777770979,NA,"4940 SEPTEMBER ST,San Diego,CA,92110",6073
"8666049042","4734 Valle Verde Ct",NA,"CA",91750,-117.760675429,34.1232588571,-117.760962536,34.1230778227,-117.760393164,34.1234317827,"0100","4734 Valle Verde Ct,NA,CA,91750",6037
"2111200430","5805 ARMADA DR","Carlsbad","CA",92008,-117.315451252,33.1238713778,-117.315510244,33.1238086726,-117.315391909,33.1239340077,NA,"5805 ARMADA DR,Carlsbad,CA,92008",6073
"4257022019","2526 Amherst Ave","Los Angeles","CA",90064,-118.448441149,34.0261012666,-118.448654512,34.0259672894,-118.448227773,34.0262352371,"0100","2526 Amherst Ave,Los Angeles,CA,90064",6037
"5780022013","1231 S 10th Ave","Arcadia","CA",91006,-118.013325199,34.1260374216,-118.014055146,34.1259612556,-118.012595165,34.126113428,"0201","1231 S 10th Ave,Arcadia,CA,91006",6037
"069-334-012-000","8267 PALISADE RD",NA,NA,95724,-120.38305508,39.3110272965,-120.383507415,39.310808699,-120.382742151,39.3113149275,"01","8267 PALISADE RD,NA,NA,95724",6061
"008-313-045","408 MOUNTAIN VIEW AVE","Petaluma","CA",94952,-122.627197634,38.2275573092,-122.627475231,38.2274003961,-122.626919603,38.2277144917,NA,"408 MOUNTAIN VIEW AVE,Petaluma,CA,94952",6097
"043-620-041-000","438 BLACK OAK DR","Chico","CA",95926,-121.862395122,39.7484253799,-121.862612987,39.7482475172,-121.862198833,39.7486020617,"RS","438 BLACK OAK DR,Chico,CA,95926",6007
"5527015026","628 N Laurel Ave",NA,"CA",90048,-118.364485551,34.0824226955,-118.3647017,34.0823527523,-118.364269343,34.0824926273,"0100","628 N Laurel Ave,NA,CA,90048",6037
"6202013001","8008 Santa Fe Ave","Huntington Park","CA",90255,-118.230019729,33.9661090324,-118.23010373,33.9659288554,-118.229913741,33.9662762137,"2110","8008 Santa Fe Ave,Huntington Park,CA,90255",6037
"2692019014","17032 Dearborn St","Northridge","CA",91325,-118.503755711,34.2371114829,-118.50387341,34.2368964609,-118.503637996,34.2373264943,"0101","17032 Dearborn St,Northridge,CA,91325",6037
"5777201500","2038 SIEGLE DR","Lemon Grove","CA",91945,-117.021238179,32.7271113347,-117.021412339,32.7270292863,-117.0210618,32.7271936754,NA,"2038 SIEGLE DR,Lemon Grove,CA,91945",6073
"093-540-003","2015 San Antonio Ct","Lompoc","CA",93436,-120.48018143,34.6555005562,-120.480309082,34.6553348977,-120.480047567,34.6556678794,"0100","2015 San Antonio Ct,Lompoc,CA,93436",6083
"120120115","28466 MERRIDY AVE","Highland","CA",92346,-117.18322127,34.1151046717,-117.18334142,34.114966559,-117.183101124,34.1152427857,"510","28466 MERRIDY AVE,Highland,CA,92346",6071
"047825301","15755 LA PAZ DR","Spg Valley Lk","CA",92395,-117.310374447,34.5370512179,-117.310568122,34.5368609589,-117.310181238,34.5372272961,"510","15755 LA PAZ DR,Spg Valley Lk,CA,92395",6071
"486044183","4508 JUNIPER LN","Lake Isabella","CA",93240,-118.408054336,35.6386149864,-118.408267506,35.6384654009,-118.407841213,35.6387646804,"0010","4508 JUNIPER LN,Lake Isabella,CA,93240",6029
"3692211242","4909 JUNEBERRY CT","San Diego","CA",92123,-117.135835598,32.8272758735,-117.136422933,32.826527074,-117.135247639,32.8280243503,NA,"4909 JUNEBERRY CT,San Diego,CA,92123",6073
"309123144","12438 GLENNAIRE WAY","Spg Valley Lk","CA",92395,-117.29617376,34.4770313939,-117.296337855,34.4769656403,-117.295977798,34.4770921867,"510","12438 GLENNAIRE WAY,Spg Valley Lk,CA,92395",6071
"004-124-24","530 DUFOUR ST","Bonny Doon","CA",95060,-122.041481401,36.9635692654,-122.041669822,36.9633915997,-122.041292979,36.9637469312,"020","530 DUFOUR ST,Bonny Doon,CA,95060",6087
"046 546401800","9858 OLIVE ST","Oakland","CA",94603,-122.162694322,37.7460608874,-122.162887181,37.74593205,-122.162501463,37.7461897254,"1100","9858 OLIVE ST,Oakland,CA,94603",6001
"12205800200000","10005 PRAIRIE DUNES WAY","Sacramento","CA",95829,-121.323733001,38.4742765574,-121.323947741,38.4741011537,-121.323556883,38.4744071442,NA,"10005 PRAIRIE DUNES WAY,Sacramento,CA,95829",6067
"5368023004","702 E Mission Rd","San Gabriel","CA",91776,-118.092808007,34.091409765,-118.092858335,34.0912537467,-118.092757516,34.0915661291,"0100","702 E Mission Rd,San Gabriel,CA,91776",6037
"1801641000","1243 CYPRESS DR","Vista","CA",92084,-117.224121668,33.1880937004,-117.224359818,33.1878761236,-117.223374908,33.1884081519,NA,"1243 CYPRESS DR,Vista,CA,92084",6073
"2032970300","505 CARLSBAD VILLAGE DR","Carlsbad","CA",92008,-117.348339732,33.1594126324,-117.348539953,33.1592133337,-117.34814088,33.1596107526,NA,"505 CARLSBAD VILLAGE DR,Carlsbad,CA,92008",6073
"2650018027","9660 Natick Ave","North Hills","CA",91343,-118.454043087,34.2454984917,-118.45426787,34.2453278219,-118.453818204,34.2456692173,"0100","9660 Natick Ave,North Hills,CA,91343",6037
"6030013019","147 E 84th Pl","Los Angeles","CA",90003,-118.272204063,33.9621718729,-118.27227068,33.9619929363,-118.272137446,33.9623508093,"0100","147 E 84th Pl,Los Angeles,CA,90003",6037
"024034120","17001 FERN ST","Fontana","CA",92336,-117.433795163,34.1261117595,-117.433875748,34.1259777596,-117.433714598,34.1262457813,"510","17001 FERN ST,Fontana,CA,92336",6071
"045121014000","1412 EAST AVE","Napa","CA",94559,-122.273404566,38.3063406703,-122.273633716,38.3062473705,-122.273172378,38.306432693,"11","1412 EAST AVE,Napa,CA,94559",6055
"6114010013","15303 S Raymond Ave","Gardena","CA",90247,-118.298834812,33.8926240376,-118.299330911,33.8925507726,-118.298339001,33.8926973841,"0500","15303 S Raymond Ave,Gardena,CA,90247",6037
"045-192-046-000","1059 SARAH AVE","Chico","CA",95926,-121.830426557,39.7453336183,-121.830646479,39.7451554447,-121.830203954,39.7455092501,"RS","1059 SARAH AVE,Chico,CA,95926",6007
"56722019","5856 IXIAS LN","San Jose","CA",95124,-121.90499986,37.2300209129,-121.905196417,37.2298949512,-121.904802961,37.2301473901,NA,"5856 IXIAS LN,San Jose,CA,95124",6085
"1735511000","1380 CLEAR CREST CIR","Vista","CA",92084,-117.238868194,33.2189091094,-117.23910649,33.2188107028,-117.238630433,33.2190075691,NA,"1380 CLEAR CREST CIR,Vista,CA,92084",6073
"295018000000","61 CALLAHAN WAY",NA,NA,93546,-118.97842505,37.6472247239,-118.978451986,37.6471737911,-118.978398115,37.6472756566,"HDR","61 CALLAHAN WAY,NA,NA,93546",6051
"071 023503300","2136 SANTA CLARA AVE","Alameda","CA",94501,-122.247932909,37.7675120096,-122.248182018,37.7672280604,-122.247683833,37.7677960035,"7700","2136 SANTA CLARA AVE,Alameda,CA,94501",6001
"115052011","603 JACKSON ST","Quincy","CA",95971,-120.950322855,39.9359642058,-120.950411978,39.9358150457,-120.950233649,39.9361129409,NA,"603 JACKSON ST,Quincy,CA,95971",6063
"5283019005","2429 Charlotte Ave","Rosemead","CA",91770,-118.088616411,34.0561503447,-118.088844973,34.0560968095,-118.088386387,34.0562049037,"0100","2429 Charlotte Ave,Rosemead,CA,91770",6037
"460-160-017-000","2571 DU BOIS DR","Roseville","CA",95661,-121.228428113,38.7495848256,-121.22853878,38.7494199877,-121.228316452,38.7497489028,"01","2571 DU BOIS DR,Roseville,CA,95661",6061
"6004021023","666 W Gage Ave",NA,"CA",90044,-118.285501387,33.9821502081,-118.285567448,33.9820475497,-118.285435316,33.9822528252,"0100","666 W Gage Ave,NA,CA,90044",6037
"044 501200102","740 CLARA ST","Oakland","CA",94603,-122.184609762,37.7397089284,-122.184819293,37.7395358562,-122.18440023,37.7398820005,"2400","740 CLARA ST,Oakland,CA,94603",6001
"382170015","33220 LOS OLIVOS LN","Wildomar","CA",92595,-117.295203806,33.6045562656,-117.295532523,33.6042930526,-117.29487562,33.6048190688,NA,"33220 LOS OLIVOS LN,Wildomar,CA,92595",6065
"496241159","11420 PINEHAVEN AVE","Bakersfield","CA",93312,-119.129794084,35.3754110877,-119.129986283,35.375193595,-119.129601877,35.3756286121,"0106","11420 PINEHAVEN AVE,Bakersfield,CA,93312",6029
"2156029093","18620 Hatteras St","Tarzana","CA",91356,-118.539318724,34.1763639433,-118.540047866,34.1756809509,-118.538591375,34.1770694051,"010E","18620 Hatteras St,Tarzana,CA,91356",6037
"263-050-028","310 ROCKY HILL ST","Poplar","CA",93257,-118.974451002,36.0601546296,-118.97515609,36.059948692,-118.973746086,36.06036034,NA,"310 ROCKY HILL ST,Poplar,CA,93257",6107
"133-160-044","2165 W MORRIS CT","Exeter","CA",93221,-119.16554882,36.2924504384,-119.165826791,36.2919781571,-119.165272976,36.2929208403,NA,"2165 W MORRIS CT,Exeter,CA,93221",6107
"4855620700","6241 VEEMAC AVE","La Mesa","CA",91942,-117.000803293,32.7916138045,-117.001176742,32.7914387754,-117.000476664,32.7917804699,NA,"6241 VEEMAC AVE,La Mesa,CA,91942",6073
"120114004","1365 EL CAMINO DR",NA,NA,94521,-121.950791816,37.9434251498,-121.951026567,37.9432517895,-121.950520098,37.9435950196,NA,"1365 EL CAMINO DR,NA,NA,94521",6013
"961214014","45258 CORTE PALMITO","Temecula","CA",92592,-117.102653835,33.4695261647,-117.102844328,33.4693463737,-117.102432562,33.4696936612,NA,"45258 CORTE PALMITO,Temecula,CA,92592",6065
"02103410240000","4555 71ST ST","Sacramento","CA",95820,-121.42082241,38.5339252414,-121.421067276,38.5338524201,-121.420577544,38.5339980626,NA,"4555 71ST ST,Sacramento,CA,95820",6067
"2064010125","4093 Yankee Dr","Agoura","CA",91301,-118.726673406,34.1353074382,-118.727523851,34.1332795545,-118.725822961,34.1362206322,"010C","4093 Yankee Dr,Agoura,CA,91301",6037
"501 081601800","5323 NORDICA AVE","Fremont","CA",94536,-122.012268108,37.5377435567,-122.012486594,37.5375867218,-122.012051822,37.5378912523,"1100","5323 NORDICA AVE,Fremont,CA,94536",6001
"3203040054","6331 W Avenue J2","Del Sur","CA",93536,-118.243965339,34.6877530707,-118.24408659,34.6875812571,-118.243844105,34.687924876,"0100","6331 W Avenue J2,Del Sur,CA,93536",6037
"372-010-015-000","4511 MOUNTAINGATE DR","Rocklin","CA",95765,-121.25262304,38.8300833232,-121.252888123,38.8298734075,-121.252375603,38.8302903276,"01","4511 MOUNTAINGATE DR,Rocklin,CA,95765",6061
"100935402","10074 PRADERA AVE","Montclair","CA",91763,-117.713333745,34.0709932761,-117.713519667,34.0708900507,-117.71314772,34.0710964742,"510","10074 PRADERA AVE,Montclair,CA,91763",6071
"016782402","1535 COLUMBIA ST","Redlands","CA",92374,-117.18812273,34.0753624889,-117.188321231,34.0752794342,-117.187924229,34.0754455436,"510","1535 COLUMBIA ST,Redlands,CA,92374",6071
"2784425400","13940 NORTHCREST LN","Poway","CA",92064,-117.028695065,32.9938178992,-117.029020737,32.993543425,-117.028363468,32.9940933543,NA,"13940 NORTHCREST LN,Poway,CA,92064",6073
"49216316","353 POLLASKY AVE","CLOVIS","CA",93612,-119.701640225,36.8255725027,-119.701896922,36.8255034832,-119.701383649,36.8256415327,"44","353 POLLASKY AVE,CLOVIS,CA,93612",6019
"497382101","4907 VISTA DEL MAR AVE","Bakersfield","CA",93311,-119.125060756,35.3104095317,-119.125330946,35.3102312482,-119.124784027,35.3105515627,"0101","4907 VISTA DEL MAR AVE,Bakersfield,CA,93311",6029
"5340451127","801 ASH ST","San Diego","CA",92101,-117.157163294,32.7196527515,-117.157327017,32.719514557,-117.156999534,32.7197909398,NA,"801 ASH ST,San Diego,CA,92101",6073
"5643016096","620 N Kenwood St","Glendale","CA",91206,-118.250840816,34.1556582368,-118.2513076,34.1555021859,-118.250372699,34.1558130596,"010C","620 N Kenwood St,Glendale,CA,91206",6037
"11500910070000","7808 ELK GROVE FLORIN RD","Sacramento","CA",95828,-121.37236204,38.4741315564,-121.372711964,38.4738518319,-121.372012184,38.4744112741,NA,"7808 ELK GROVE FLORIN RD,Sacramento,CA,95828",6067
"08322157","3132 NAVION CT","Cameron Park","CA",95682,-120.987034993,38.6748323552,-120.987415838,38.6745747246,-120.986679912,38.6751328386,"00","3132 NAVION CT,Cameron Park,CA,95682",6017
"3555031J","351 GUERRERO ST","San Francisco","CA",94103,-122.423852878,37.7656438522,-122.424044641,37.7655927736,-122.423658101,37.7656932837,NA,"351 GUERRERO ST,San Francisco,CA,94103",6075
"2163025026","5161 Donna Ave","Tarzana","CA",91356,-118.548548531,34.1646130919,-118.548920666,34.1643902295,-118.548083875,34.1647666873,"0101","5161 Donna Ave,Tarzana,CA,91356",6037
"8646020019","502 Myrtle Ave",NA,"CA",91741,-117.859086211,34.1330917572,-117.859256661,34.1329492463,-117.858915619,34.1332350395,"0100","502 Myrtle Ave,NA,CA,91741",6037
"100911234","9425 RAMONA AVE","Montclair","CA",91763,-117.70665924,34.082938097,-117.706868919,34.0828462906,-117.706452361,34.0830265719,"510","9425 RAMONA AVE,Montclair,CA,91763",6071
"321272130","16912 CYPRESS ST",NA,NA,93283,-118.220574048,35.6901588967,-118.220708565,35.6900120222,-118.220438446,35.690306389,"0106","16912 CYPRESS ST,NA,NA,93283",6029
"206610011","1572 COLCHESTER ST","Blackhawk","CA",94506,-121.895436995,37.7938121113,-121.8956197,37.7937161818,-121.895254292,37.7939080406,NA,"1572 COLCHESTER ST,Blackhawk,CA,94506",6013
"084C072404800","20253 MEADOWLARK DR","Castro Valley","CA",94546,-122.070573655,37.6969156812,-122.070729006,37.6968380813,-122.07041948,37.6969949976,"1100","20253 MEADOWLARK DR,Castro Valley,CA,94546",6001
"5405027","137 APOLLO ST","San Francisco","CA",94124,-122.398487972,37.7310274437,-122.398665654,37.7309694379,-122.398310206,37.731085456,NA,"137 APOLLO ST,San Francisco,CA,94124",6075
"8044029018","13904 Ramhurst Dr","La Mirada","CA",90638,-118.036334868,33.9155473443,-118.036499228,33.9152622565,-118.036169293,33.915833407,"0500","13904 Ramhurst Dr,La Mirada,CA,90638",6037
"27449016","765 N MONROE ST","San Jose","CA",95128,-121.943886894,37.329662909,-121.944020626,37.3295206304,-121.943721349,37.3298190652,NA,"765 N MONROE ST,San Jose,CA,95128",6085
"018540047","2979 CHERISH CT","Brentwood","CA",94513,-121.727579579,37.9684503043,-121.727893022,37.9682428919,-121.727267895,37.9685796893,NA,"2979 CHERISH CT,Brentwood,CA,94513",6013
"062-170-056-000","33718 RAIL FENCE RD",NA,NA,95701,-120.81188744,39.2149652953,-120.812765561,39.2145235311,-120.811008259,39.215395471,"01","33718 RAIL FENCE RD,NA,NA,95701",6061
"4868120100","9415 HILMER DR","La Mesa","CA",91942,-116.994627502,32.7813402333,-116.994788768,32.7811675883,-116.994465837,32.7815142709,NA,"9415 HILMER DR,La Mesa,CA,91942",6073
"07000950020000","1013 FIGUEROA ST","Folsom","CA",95630,-121.180392393,38.6738637543,-121.180605163,38.6736681354,-121.180176339,38.6740597509,NA,"1013 FIGUEROA ST,Folsom,CA,95630",6067
"364101019","30231 CALLE BELCANTO","Menifee","CA",92584,-117.161356278,33.6809279667,-117.161509072,33.6807795706,-117.161212596,33.6810879539,NA,"30231 CALLE BELCANTO,Menifee,CA,92584",6065
"45113014","1360 LINDSAY WAY","San Jose","CA",95118,-121.886016203,37.26973752,-121.886167144,37.2695801223,-121.885864647,37.2698952944,NA,"1360 LINDSAY WAY,San Jose,CA,95118",6085
"1810136170","751 CORONADO PL","Oxnard","CA",93030,-119.200496048,34.2104480128,-119.200708743,34.2102845822,-119.200281788,34.210605395,NA,"751 CORONADO PL,Oxnard,CA,93030",6111
"2478020019","912 N Florence St","Burbank","CA",91505,-118.338632043,34.1732263846,-118.338864829,34.1730948453,-118.338398706,34.1733579031,"0101","912 N Florence St,Burbank,CA,91505",6037
"56123036","35 W WYNDOVER AVE","CLOVIS","CA",93611,-119.712106833,36.84999117,-119.712248082,36.8498116422,-119.711957477,36.8501588878,"11","35 W WYNDOVER AVE,CLOVIS,CA,93611",6019
"134412030","2617 FOUNTAIN DR","Bakersfield","CA",93306,-118.937874652,35.3811039843,-118.938108072,35.3809352236,-118.937641233,35.3812727452,"0101","2617 FOUNTAIN DR,Bakersfield,CA,93306",6029
"36204002","21331 COLUMBUS AVE","Cupertino","CA",95014,-122.046917121,37.3081427135,-122.047132203,37.3078679612,-122.046646825,37.3083325127,NA,"21331 COLUMBUS AVE,Cupertino,CA,95014",6085
"08329307S","143 WILLOW SPRINGS","COALINGA","CA",93210,-120.334268085,36.1358807555,-120.334438641,36.1358060628,-120.334097528,36.1359554478,"11","143 WILLOW SPRINGS,COALINGA,CA,93210",6019
"6338015024","6079 Gloucester St","East Los Angeles","CA",90022,-118.14152542,34.0117460939,-118.141644359,34.0116075477,-118.141405762,34.0118893548,"0100","6079 Gloucester St,East Los Angeles,CA,90022",6037
"034132118","2125 PRINCETON ST","Delano","CA",93215,-119.236842404,35.7860056457,-119.237113699,35.7859362487,-119.236571104,35.7860750383,"0101","2125 PRINCETON ST,Delano,CA,93215",6029
"150092006","148 KATHRYN DR","Pleasant Hill","CA",94523,-122.06649704,37.9525601424,-122.066620011,37.9524258025,-122.066373831,37.9526947911,NA,"148 KATHRYN DR,Pleasant Hill,CA,94523",6013
"5368008038","307 Sunset Ave","San Gabriel","CA",91776,-118.096951791,34.095405486,-118.097035894,34.0952352353,-118.09686771,34.0955759349,"0200","307 Sunset Ave,San Gabriel,CA,91776",6037
"4450610201","4673 ALABAMA ST","San Diego","CA",92116,-117.142210992,32.7623981758,-117.142447278,32.7623256986,-117.1419763,32.7624720136,NA,"4673 ALABAMA ST,San Diego,CA,92116",6073
"031926212","35055 AVENUE H","Oak Glen","CA",92399,-117.039840464,34.0097969764,-117.03997258,34.0093847525,-117.039708346,34.0102091984,"510","35055 AVENUE H,Oak Glen,CA,92399",6071
"210763029","205 HAT CREEK CT","San Ramon","CA",94582,-121.911904117,37.732811941,-121.912030892,37.7326686734,-121.911699512,37.7329779252,NA,"205 HAT CREEK CT,San Ramon,CA,94582",6013
"422093047","205 S LEXINGTON ST","Delano","CA",93215,-119.240996602,35.7570675241,-119.241137569,35.7568963457,-119.240854431,35.7572401065,"0101","205 S LEXINGTON ST,Delano,CA,93215",6029
"01002511","2328 B ST","Eureka","CA",95501,-124.168877036,40.7866555275,-124.169076696,40.7865583809,-124.168677233,40.7867526518,"CITY OF EU","2328 B ST,Eureka,CA,95501",6023
"6302008030","2150 E 25th St",NA,"CA",90058,-118.232260644,34.0142209884,-118.233289896,34.0138487071,-118.231767299,34.01471186,"3330","2150 E 25th St,NA,CA,90058",6037
"8441026017","1223 E Rowland Ave","West Covina","CA",91790,-117.920980949,34.0793320922,-117.921091874,34.0791840176,-117.920869842,34.079480162,"0100","1223 E Rowland Ave,West Covina,CA,91790",6037
"320100051","297 FLICKER WAY","Perris","CA",92571,-117.219548013,33.8112202814,-117.219614168,33.8110811485,-117.219480307,33.8113582446,NA,"297 FLICKER WAY,Perris,CA,92571",6065
"257020027","600 PALMYRITA AVE","Riverside","CA",92507,-117.325056261,34.0038042399,-117.325592051,34.0029393085,-117.324570128,34.0046369834,NA,"600 PALMYRITA AVE,Riverside,CA,92507",6065
"019240075","2181 NEWTON DR","Brentwood","CA",94513,-121.732980378,37.9361697525,-121.733084758,37.9360330325,-121.732875989,37.9363064336,NA,"2181 NEWTON DR,Brentwood,CA,94513",6013
"123200164","332 CHESTNUT AVE","Bakersfield","CA",93305,-118.99205061,35.399908814,-118.992172621,35.3996922854,-118.991928343,35.4001241729,"0101","332 CHESTNUT AVE,Bakersfield,CA,93305",6029
"02609033","485 CURTNER CT","Milpitas","CA",95035,-121.900174851,37.4568187119,-121.900336061,37.4566873042,-121.899979589,37.4569675983,NA,"485 CURTNER CT,Milpitas,CA,95035",6085
"028062033","4880 Arizona Ave","Atascadero","CA",93422,-120.671889528,35.5082702452,-120.67205043,35.5081442147,-120.671726139,35.5084016268,NA,"4880 Arizona Ave,Atascadero,CA,93422",6079
"76423013","18570 HALE AVE","Morgan Hill","CA",95037,-121.66829522,37.1424509949,-121.668553302,37.1421832182,-121.668003726,37.1427013351,NA,"18570 HALE AVE,Morgan Hill,CA,95037",6085
"31262120S","5650 W WEATHERMAKER AVE","FRESNO","CA",93722,-119.892653529,36.7634429486,-119.892761898,36.7633050708,-119.892545162,36.763580835,"11","5650 W WEATHERMAKER AVE,FRESNO,CA,93722",6019
"028 094103600","3090 KANSAS ST","Oakland","CA",94602,-122.202033994,37.7973454382,-122.202219058,37.7971999733,-122.201848898,37.7974908916,"7390","3090 KANSAS ST,Oakland,CA,94602",6001
"190123005","5348 LANTANA ST","Riverside","CA",92504,-117.419801933,33.9581715432,-117.419920241,33.9580133574,-117.419683628,33.9583296987,NA,"5348 LANTANA ST,Riverside,CA,92504",6065
"6040037025","339 W 92nd St",NA,"CA",90003,-118.279722196,33.9530433525,-118.279888823,33.9528796671,-118.279624981,33.953172807,"0100","339 W 92nd St,NA,CA,90003",6037
"115421006","1912 ELISE CIR","Corona","CA",92879,-117.527235774,33.8812530671,-117.527569237,33.880932668,-117.526890706,33.8815853536,NA,"1912 ELISE CIR,Corona,CA,92879",6065
"6079013013","1216 W 119th St",NA,"CA",90044,-118.296423919,33.9247106895,-118.296559186,33.9244929874,-118.296336601,33.9249045478,"0100","1216 W 119th St,NA,CA,90044",6037
"51111104","5381 W SAGINAW WAY","FRESNO","CA",93722,-119.887416183,36.7887291581,-119.887521292,36.7885873037,-119.887311082,36.7888710179,"11","5381 W SAGINAW WAY,FRESNO,CA,93722",6019
"502122007","2639 E LIVMOR AVE","Palm Springs","CA",92262,-116.517875995,33.8251011811,-116.518102431,33.8249573595,-116.517651292,33.8252464522,NA,"2639 E LIVMOR AVE,Palm Springs,CA,92262",6065
"8242017037","1149 Charlemont Ave","Hacienda Heights","CA",91745,-117.956322557,34.0077396669,-117.956523053,34.0075974818,-117.956122049,34.0078818514,"0100","1149 Charlemont Ave,Hacienda Heights,CA,91745",6037
"45004324","1586 N DELNO AVE","FRESNO","CA",93728,-119.819640181,36.7644780804,-119.819853524,36.7644069297,-119.819426429,36.7645490398,"11","1586 N DELNO AVE,FRESNO,CA,93728",6019
"6287001018","10230 Pangborn Ave","Downey","CA",90241,-118.106269944,33.9407046422,-118.106488692,33.9405449314,-118.106051182,33.9408642643,"0101","10230 Pangborn Ave,Downey,CA,90241",6037
"5415010017","1855 Park Dr","Los Angeles","CA",90026,-118.249242425,34.0839882153,-118.249584589,34.0837570832,-118.248915425,34.0842240142,"0100","1855 Park Dr,Los Angeles,CA,90026",6037
"3191807759","10824 SCRIPPS RANCH BLVD","San Diego","CA",92131,-117.111657004,32.9150531997,-117.113378218,32.9143362311,-117.110208878,32.9161698489,NA,"10824 SCRIPPS RANCH BLVD,San Diego,CA,92131",6073
"3885722900","8308 OCONNELL RD","El Cajon","CA",92021,-116.948353741,32.8271593737,-116.948529305,32.8269844594,-116.948137361,32.8273466778,NA,"8308 OCONNELL RD,El Cajon,CA,92021",6073
"041-131-080","5405 AGER BESWICK RD",NA,NA,96044,-122.464937789,41.867207619,-122.465583113,41.8664347882,-122.46440089,41.8679158506,"002","5405 AGER BESWICK RD,NA,NA,96044",6093
"1702010F","4716 IRVING ST","San Francisco","CA",94122,-122.508664972,37.7624172209,-122.508717803,37.7622782067,-122.508612141,37.7625562354,NA,"4716 IRVING ST,San Francisco,CA,94122",6075
"20035326","164 DINSMORE DR","Fortuna","CA",95540,-124.156097889,40.5894653116,-124.156568619,40.5889203249,-124.155637603,40.5900878638,"CITY OF FO","164 DINSMORE DR,Fortuna,CA,95540",6023
"06702300250000","4327 MONHEGAN WAY","Mather","CA",95655,-121.285228333,38.5469991144,-121.285451065,38.5468368874,-121.285005621,38.5471613337,NA,"4327 MONHEGAN WAY,Mather,CA,95655",6067
"2982116714","675 S SIERRA AVE","Solana Beach","CA",92075,-117.272229747,32.9831374631,-117.273297803,32.9828512909,-117.271139046,32.9834254248,NA,"675 S SIERRA AVE,Solana Beach,CA,92075",6073
"20905420080000","7555 STONERIDGE WAY","Citrus Heights","CA",95621,-121.317198899,38.7038504333,-121.317376083,38.7036873378,-121.317023907,38.7040131635,NA,"7555 STONERIDGE WAY,Citrus Heights,CA,95621",6067
"16124013","2710 ROAD E","Redwood Valley","CA",95470,-123.193103791,39.2787386789,-123.195128977,39.2783259059,-123.191150665,39.2794369982,NA,"2710 ROAD E,Redwood Valley,CA,95470",6045
"3003054002","39329 Chalfont Ln","City Ranch","CA",93551,-118.187849393,34.5970410767,-118.188059829,34.5969437825,-118.187639232,34.5971383461,"0100","39329 Chalfont Ln,City Ranch,CA,93551",6037
"543 044913000","3303 BEARD RD","Fremont","CA",94555,-122.041771208,37.5834953007,-122.041974975,37.5833517014,-122.041564629,37.5836394388,"1100","3303 BEARD RD,Fremont,CA,94555",6001
"7328003020","21922 Acarus Ave","Carson","CA",90745,-118.250526895,33.8293610522,-118.250723014,33.8292104325,-118.250330748,33.8295114864,"0100","21922 Acarus Ave,Carson,CA,90745",6037
"7460022022","1234 W 20th St","San Pedro","CA",90731,-118.30424756,33.7263683948,-118.304314165,33.7261964097,-118.304180941,33.7265403516,"0100","1234 W 20th St,San Pedro,CA,90731",6037
"037-161-026","532 Bath St","Santa Barbara","CA",93101,-119.699717725,34.414629002,-119.699935878,34.4144330119,-119.699493676,34.4148067017,"0400","532 Bath St,Santa Barbara,CA,93101",6083
"011358106","1721 E MONTICELLO CT","Ontario","CA",91761,-117.614479038,34.0331520105,-117.614735303,34.0328987894,-117.614222844,34.0334054392,"100","1721 E MONTICELLO CT,Ontario,CA,91761",6071
"209032013","3784 STANSELL DR","Riverside","CA",92501,-117.365848234,33.9997916639,-117.366107515,33.9994697369,-117.365588953,34.0001135904,NA,"3784 STANSELL DR,Riverside,CA,92501",6065
"421870018","339 SHINING ROCK","Beaumont","CA",92223,-116.963557696,33.9094609749,-116.96374361,33.9093373613,-116.963371463,33.9095839802,NA,"339 SHINING ROCK,Beaumont,CA,92223",6065
"7552012004","1826 Redondela Dr","Rancho Palos Verdes","CA",90275,-118.311400753,33.7677498811,-118.311634079,33.7675635999,-118.311182304,33.7679476182,"0101","1826 Redondela Dr,Rancho Palos Verdes,CA,90275",6037
"946 111207700","3255 FLEMINGTON CT","Pleasanton","CA",94588,-121.868199664,37.6956300548,-121.86840121,37.6955171189,-121.868004869,37.6957576451,"1800","3255 FLEMINGTON CT,Pleasanton,CA,94588",6001
"180-330-027","1914 MENDOCINO AVE","Santa Rosa","CA",95404,-122.716798289,38.4593361924,-122.717009369,38.4590969351,-122.716552735,38.4595086574,NA,"1914 MENDOCINO AVE,Santa Rosa,CA,95404",6097
"2283811900","2430 AUTO PARK WAY","Escondido","CA",92029,-117.120474783,33.1267495327,-117.120783394,33.1263971608,-117.120165494,33.1271007725,NA,"2430 AUTO PARK WAY,Escondido,CA,92029",6073
"3148026072","43665  16th St E","Hi Vista","CA",93535,-118.102031974,34.6769798245,-118.102201916,34.6768785297,-118.101859881,34.677081287,"0100","43665  16th St E,Hi Vista,CA,93535",6037
"5956501700","2403 PASO ROBLES CT","Chula Vista","CA",91914,-116.967760777,32.6574763232,-116.967912878,32.6573119101,-116.967572454,32.6577136276,NA,"2403 PASO ROBLES CT,Chula Vista,CA,91914",6073
"001-120-027","7285 Shepard Mesa Rd","Carpinteria","CA",93013,-119.465943643,34.4009862707,-119.46653438,34.3999517341,-119.46552353,34.4019409368,"5800","7285 Shepard Mesa Rd,Carpinteria,CA,93013",6083
"2718022019","10846 Des Moines Ave","Porter Ranch","CA",91326,-118.55430087,34.2676664612,-118.554472283,34.2675606368,-118.554110033,34.2677665911,"0100","10846 Des Moines Ave,Porter Ranch,CA,91326",6037
"1811510800","1175 ROBIN PL","Vista","CA",92084,-117.203366081,33.1882052527,-117.203614719,33.1880656145,-117.203118061,33.1883438215,NA,"1175 ROBIN PL,Vista,CA,92084",6073
"5314027006","1302 Via Del Rey",NA,"CA",91030,-118.160705779,34.1094264257,-118.160924861,34.1092537866,-118.160481238,34.1096025226,"0100","1302 Via Del Rey,NA,CA,91030",6037
"108345278","2912 MILL CREEK RD","Ontario","CA",91761,-117.567468722,34.0202469372,-117.567598041,34.0201744066,-117.567341879,34.0203224822,"531","2912 MILL CREEK RD,Ontario,CA,91761",6071
"096-230-014","934 W FEEMSTER AVE","Visalia","CA",93277,-119.301692936,36.3177512235,-119.301875061,36.3175287928,-119.301552979,36.3179265586,NA,"934 W FEEMSTER AVE,Visalia,CA,93277",6107
"4078008035","14807 Condon Ave","Lawndale","CA",90260,-118.360139979,33.8971535139,-118.361204,33.8968816858,-118.359558666,33.8973428446,"010C","14807 Condon Ave,Lawndale,CA,90260",6037
"172-231-28","36 OAK GROVE AVE",NA,NA,94973,-122.636434156,38.0049084182,-122.63660493,38.0046525721,-122.63620561,38.0051366861,"11","36 OAK GROVE AVE,NA,NA,94973",6041
"5370621300","775 H AVE","Coronado","CA",92118,-117.183436593,32.6912673178,-117.183559505,32.6911935617,-117.183313782,32.6913408166,NA,"775 H AVE,Coronado,CA,92118",6073
"096-640-001-000","201 SQUAW PEAK RD",NA,NA,96145,-120.23727856,39.1963186304,-120.237328377,39.1962669188,-120.237226581,39.1963711609,"04","201 SQUAW PEAK RD,NA,NA,96145",6061
"012-072-013-000","1144 MONTGOMERY ST","Butte Valley","CA",95965,-121.564374351,39.5114144199,-121.564562983,39.511183752,-121.564184968,39.5116452822,"RS","1144 MONTGOMERY ST,Butte Valley,CA,95965",6007
"35854105","3451 DOCKERY AVE","SELMA","CA",93662,-119.60216213,36.5843676568,-119.602361773,36.5842810902,-119.601950069,36.5844507329,"11","3451 DOCKERY AVE,SELMA,CA,93662",6019
"110213071","10424 ENGER ST","Bakersfield","CA",93312,-119.118509458,35.3788184192,-119.118610545,35.3785501545,-119.118408363,35.3790867245,"0106","10424 ENGER ST,Bakersfield,CA,93312",6029
"076082018","2908 VENTURA CT","Antioch","CA",94509,-121.825903553,37.9928929542,-121.826152407,37.9927532266,-121.825665759,37.9930305261,NA,"2908 VENTURA CT,Antioch,CA,94509",6013
"6229011012","7313 Pellet St",NA,"CA",90241,-118.148997224,33.9504596255,-118.149255942,33.9501582164,-118.14873849,33.9507610009,"0200","7313 Pellet St,NA,CA,90241",6037
"134492013","4491 WINDFLOWER CT","Concord","CA",94518,-121.998157965,37.9459534924,-121.998506048,37.945828006,-121.997800857,37.9460615214,NA,"4491 WINDFLOWER CT,Concord,CA,94518",6013
"321352004","19945 HEARTWOOD DR","Perris","CA",92570,-117.315449205,33.8509884349,-117.315969496,33.8504554994,-117.315012365,33.8515016699,NA,"19945 HEARTWOOD DR,Perris,CA,92570",6065
"7339001014","241 E Albertoni St",NA,"CA",90746,-118.27163234,33.8717531043,-118.272077285,33.8715287131,-118.271209849,33.8719935685,"2520","241 E Albertoni St,NA,CA,90746",6037
"504172006","954 W VIA OLIVERA","Palm Springs","CA",92262,-116.55799346,33.8507212482,-116.558261142,33.8504587535,-116.557722664,33.8509981177,NA,"954 W VIA OLIVERA,Palm Springs,CA,92262",6065
"35616020","11106 LINDA VISTA DR","Cupertino","CA",95014,-122.059239514,37.3068824029,-122.059415617,37.3067092618,-122.059012105,37.3069957096,NA,"11106 LINDA VISTA DR,Cupertino,CA,95014",6085
"7176024011","6000 Sugarwood St",NA,"CA",90713,-118.114640586,33.8458825538,-118.11487544,33.8457676771,-118.114504619,33.8460602953,"0100","6000 Sugarwood St,NA,CA,90713",6037
"027-330-35-1","21427 CREEKSIDE DR","Red Bluff","CA",96080,-122.238512526,40.2166582487,-122.239220655,40.2158342222,-122.237981965,40.2173416275,"050","21427 CREEKSIDE DR,Red Bluff,CA,96080",6103
"5289018079","3159 Rosemead Pl","Rosemead","CA",91770,-118.073844057,34.0655671632,-118.074051948,34.0654661647,-118.073387317,34.0657015896,"0100","3159 Rosemead Pl,Rosemead,CA,91770",6037
"016-460-012","7211 OAKMONT DR","Santa Rosa","CA",95409,-122.591182439,38.4312957314,-122.59142266,38.4311069926,-122.590953228,38.4314757097,NA,"7211 OAKMONT DR,Santa Rosa,CA,95409",6097
"017233202","820 W CLIFTON AVE","Redlands","CA",92373,-117.183849058,34.041329907,-117.184061403,34.041135398,-117.183636713,34.0415244164,"510","820 W CLIFTON AVE,Redlands,CA,92373",6071
"30520038","413 LAWNDALE AVE","Campbell","CA",95008,-121.953349141,37.293135223,-121.953523885,37.2930388059,-121.953172765,37.2932290111,NA,"413 LAWNDALE AVE,Campbell,CA,95008",6085
"6139009015","15319 S Avalon Blvd","Gardena","CA",90248,-118.265645487,33.8925146821,-118.265810427,33.8924758763,-118.265480546,33.8925534879,"3100","15319 S Avalon Blvd,Gardena,CA,90248",6037
"2027006062","23318 W Vail Dr","West Hills","CA",91307,-118.634114328,34.2020105683,-118.636384668,34.1999598084,-118.632275512,34.2041528438,"010C","23318 W Vail Dr,West Hills,CA,91307",6037
"074 134905500","2 LAVAGETTO CT","Alameda","CA",94502,-122.249735126,37.7339781048,-122.249923006,37.7338648538,-122.249538675,37.7341139604,"1800","2 LAVAGETTO CT,Alameda,CA,94502",6001
"08259301","3140 OXFORD RD","Cameron Park","CA",95682,-120.989247091,38.6770251105,-120.989602678,38.6767452465,-120.988960385,38.6773278116,"11","3140 OXFORD RD,Cameron Park,CA,95682",6017
"116-080-049-000","5745 UPLANDS RD",NA,NA,96140,-120.073067989,39.2338868843,-120.073346256,39.2336830625,-120.072791433,39.2341005541,"01","5745 UPLANDS RD,NA,NA,96140",6061
"4425029017","13524 Romany Dr","Pacific Palisades","CA",90272,-118.50038499,34.0547906289,-118.500568211,34.0545491172,-118.500195271,34.0550102333,"0100","13524 Romany Dr,Pacific Palisades,CA,90272",6037
"6786332000","17037 SILVER CREST DR","San Diego","CA",92127,-117.113865786,33.02607222,-117.114034776,33.0259283669,-117.113676453,33.0262167663,NA,"17037 SILVER CREST DR,San Diego,CA,92127",6073
"060 240400100","1301 SAN PABLO AVE","Berkeley","CA",94702,-122.295423143,37.8804042531,-122.295609339,37.8803074222,-122.295240512,37.8805040255,"3200","1301 SAN PABLO AVE,Berkeley,CA,94702",6001
"5408008E","86 REDDY ST","San Francisco","CA",94124,-122.395547792,37.7299759119,-122.395683096,37.7299238035,-122.395412487,37.7300280206,NA,"86 REDDY ST,San Francisco,CA,94124",6075
"7063019040","4220 Redline Dr",NA,"CA",90713,-118.095863415,33.8345666571,-118.096096663,33.8343891179,-118.095614378,33.8347575379,"0100","4220 Redline Dr,NA,CA,90713",6037
"5526003016","846 N Sierra Bonita Ave",NA,"CA",90046,-118.353967061,34.0867256043,-118.354181883,34.0866549675,-118.353752268,34.0867962139,"0200","846 N Sierra Bonita Ave,NA,CA,90046",6037
"056-660-007","130 CASA VERDE CT","Sonoma","CA",95476,-122.491621356,38.3328579323,-122.491921238,38.3326435786,-122.491260525,38.3330286744,NA,"130 CASA VERDE CT,Sonoma,CA,95476",6097
"431175001000","895 KATHY CT","Los Banos","CA",93635,-120.867415633,37.0469212838,-120.867538812,37.0467735653,-120.867293878,37.0470757916,"101","895 KATHY CT,Los Banos,CA,93635",6047
"227151021","4045 ADAMS ST","Riverside","CA",92504,-117.427154268,33.9370434015,-117.427348461,33.9368934099,-117.426959973,33.9371933486,NA,"4045 ADAMS ST,Riverside,CA,92504",6065
"050-201-30","130 COWLES RD","Corralitos","CA",95076,-121.769706908,36.9496360578,-121.771590757,36.9476453711,-121.768167303,36.9505029959,"431","130 COWLES RD,Corralitos,CA,95076",6087
"117-273-001","1361 Yale Pl","Santa Maria","CA",93458,-120.439778221,34.9364603249,-120.439894279,34.9363221254,-120.439664371,34.9366009417,"0100","1361 Yale Pl,Santa Maria,CA,93458",6083
"6150004058","1933 E 124th St","Compton","CA",90222,-118.237835994,33.9200795143,-118.237955282,33.9199275246,-118.237717664,33.920230173,"0100","1933 E 124th St,Compton,CA,90222",6037
"017330126","206 ORCHID CT","Redlands","CA",92373,-117.173395785,34.0470507459,-117.173568562,34.0468623942,-117.17325906,34.0472427267,"510","206 ORCHID CT,Redlands,CA,92373",6071
"5533001032","6525 La Mirada Ave","Los Angeles","CA",90038,-118.332101135,34.0936938738,-118.332247644,34.0935119474,-118.331954757,34.0938757372,"010C","6525 La Mirada Ave,Los Angeles,CA,90038",6037
"5377005029","3050 San Pasqual St","Pasadena","CA",91107,-118.087480276,34.1375370986,-118.087589992,34.1372724985,-118.087356063,34.1377824482,"0100","3050 San Pasqual St,Pasadena,CA,91107",6037
"310397143","14209 PALM CT","Adelanto","CA",92301,-117.414444064,34.5086316315,-117.41459965,34.5085124704,-117.414165314,34.5088259863,"510","14209 PALM CT,Adelanto,CA,92301",6071
"160-350-049","1484 GEORGIA CT","Rohnert Park","CA",94928,-122.680146167,38.3657066948,-122.680242611,38.3655612742,-122.680015656,38.3658160609,NA,"1484 GEORGIA CT,Rohnert Park,CA,94928",6097
"2325002027","12625 Welby Way","N Hollywood","CA",91606,-118.407337534,34.1929719327,-118.407529835,34.1928113699,-118.407129572,34.1931346825,"0100","12625 Welby Way,N Hollywood,CA,91606",6037
"03257006","22751 COVELO REFUSE RD","Covelo","CA",95428,-123.276239462,39.8162712745,-123.276630513,39.8153667927,-123.275864801,39.8171588631,NA,"22751 COVELO REFUSE RD,Covelo,CA,95428",6045
"3205013031","9355 Leona Ave",NA,"CA",93551,-118.296649681,34.6164495771,-118.297666209,34.6152280664,-118.29556876,34.6178864057,"0100","9355 Leona Ave,NA,CA,93551",6037
"387851041","5908 RIVER BIRCH DR",NA,NA,93306,-118.85701479,35.4077642395,-118.857260038,35.4076794993,-118.856756537,35.4078506736,"0101","5908 RIVER BIRCH DR,NA,NA,93306",6029
"103137216","15471 FICUS ST","Chino Hills","CA",91709,-117.739212727,33.9718218701,-117.739386745,33.9716850647,-117.7390345,33.9719631232,"510","15471 FICUS ST,Chino Hills,CA,91709",6071
"513154040","296 S PALM CANYON DR","Palm Springs","CA",92262,-116.546344256,33.8197538669,-116.546584975,33.8195624539,-116.546104945,33.819944273,NA,"296 S PALM CANYON DR,Palm Springs,CA,92262",6065
"2542007019","10653 Stallion Ranch Rd",NA,"CA",91040,-118.363084012,34.2591868985,-118.364826619,34.2586374397,-118.360993581,34.259524636,"010V","10653 Stallion Ranch Rd,NA,CA,91040",6037
"206282018","174 BLACKSTONE DR","Blackhawk","CA",94506,-121.919058835,37.7951532517,-121.919250254,37.7950578973,-121.918859947,37.7952492946,NA,"174 BLACKSTONE DR,Blackhawk,CA,94506",6013
"102360117","13091 SAN RAFAEL DR","Chino Hills","CA",91709,-117.759564877,34.0143759402,-117.759912864,34.0141759377,-117.759255883,34.0145438396,"510","13091 SAN RAFAEL DR,Chino Hills,CA,91709",6071
"2552712900","7867 GRADO CIPRESO","Carlsbad","CA",92009,-117.257370026,33.0769600471,-117.257571667,33.0768399568,-117.257168384,33.0770801364,NA,"7867 GRADO CIPRESO,Carlsbad,CA,92009",6073
"51208221","6590 W ALAMOS AVE","FRESNO","CA",93723,-119.909354616,36.8052638737,-119.909462045,36.8051257724,-119.909247187,36.8054019754,"11","6590 W ALAMOS AVE,FRESNO,CA,93723",6019
"033108211","136 JOAQUIN MILLER RD",NA,NA,92321,-117.177157302,34.2520796839,-117.177392773,34.2519389819,-117.176892275,34.2522108857,"510","136 JOAQUIN MILLER RD,NA,NA,92321",6071
"073 042002201","711 SANTA CLARA AVE","Alameda","CA",94501,-122.275926073,37.7737740482,-122.276133472,37.7734096487,-122.275723975,37.774144889,"300","711 SANTA CLARA AVE,Alameda,CA,94501",6001
"8485009003","1816 E Cortez St","West Covina","CA",91791,-117.906988408,34.0644509164,-117.907116915,34.0642860215,-117.906860038,34.0646160639,"0101","1816 E Cortez St,West Covina,CA,91791",6037
"5353622631","321 10TH AVE","San Diego","CA",92101,-117.155076878,32.7088486578,-117.155419831,32.7084653216,-117.154762691,32.7092945248,NA,"321 10TH AVE,San Diego,CA,92101",6073
"3310028040","Vac/126 Ste(Redman)/Vic",NA,"CA",0,-117.904758707,34.7517994887,-117.906091535,34.7508799046,-117.903398001,34.7527066168,"010V","Vac/126 Ste(Redman)/Vic,NA,CA,0",6037
"6330003023","6256 Lanto St","Bell Gardens","CA",90201,-118.150394334,33.9758468046,-118.150505593,33.9756497063,-118.150283804,33.9760441968,"0100","6256 Lanto St,Bell Gardens,CA,90201",6037
"3981110608","14215 PECAN PARK LN","El Cajon","CA",92021,-116.875337832,32.8423038309,-116.877250693,32.8406597875,-116.872763973,32.8441084774,NA,"14215 PECAN PARK LN,El Cajon,CA,92021",6073
"072 271 06","3324 SAN VICENTE RD","West Sacramento","CA",95691,-121.567802803,38.526558742,-121.567868326,38.5264521574,-121.567735345,38.526674475,NA,"3324 SAN VICENTE RD,West Sacramento,CA,95691",6113
"01521201","2103 MYRTLE AVE","Eureka","CA",95501,-124.131437058,40.7889332584,-124.131950107,40.788795926,-124.130984501,40.7890645483,"CG","2103 MYRTLE AVE,Eureka,CA,95501",6023
"2376003007","3641 Sunswept Dr","Studio City","CA",91604,-118.403936775,34.1392506585,-118.404254,34.1391195754,-118.403620109,34.1393876823,"0100","3641 Sunswept Dr,Studio City,CA,91604",6037
"010290104","107 EYE ST","Bakersfield","CA",93304,-119.020471219,35.3556962175,-119.020700666,35.3556264289,-119.020242755,35.355765347,"0200","107 EYE ST,Bakersfield,CA,93304",6029
"0152026","1746 HYDE ST","San Francisco","CA",94109,-122.418341199,37.7970868209,-122.418513579,37.7970083525,-122.418168821,37.7971652893,NA,"1746 HYDE ST,San Francisco,CA,94109",6075
"060728105","4950 1ST ST W","Joshua Tree","CA",92252,-116.248748041,34.1633320942,-116.248971329,34.16324674,-116.248524754,34.1634174484,"510","4950 1ST ST W,Joshua Tree,CA,92252",6071
"49920206S","4411 N MANILA AVE","FRESNO","CA",93727,-119.694198454,36.7979203761,-119.694435081,36.7977512044,-119.693984926,36.7980901296,"11","4411 N MANILA AVE,FRESNO,CA,93727",6019
"2157006022","18334 Collins St","Tarzana","CA",91356,-118.53238373,34.1741851261,-118.533211351,34.1736173732,-118.53155614,34.1748188643,"010C","18334 Collins St,Tarzana,CA,91356",6037
"4882626234","319 S MOLLISON AVE","El Cajon","CA",92020,-116.95007572,32.7920628324,-116.950817453,32.7916531036,-116.94953342,32.7923697279,NA,"319 S MOLLISON AVE,El Cajon,CA,92020",6073
"2680301600","4617 LA NORIA",NA,NA,92091,-117.233088817,33.0113945359,-117.233866373,33.0107427941,-117.232308451,33.0120672951,NA,"4617 LA NORIA,NA,NA,92091",6073
"01304305","2731 T ST","Eureka","CA",95501,-124.146655453,40.7831542646,-124.146764942,40.7830014761,-124.146545725,40.783306942,"CITY OF EU","2731 T ST,Eureka,CA,95501",6023
"4132011038","745 Main St","El Segundo","CA",90245,-118.416310719,33.9263693023,-118.416532368,33.9260943749,-118.416089018,33.9266440101,"010C","745 Main St,El Segundo,CA,90245",6037
"4095028029","2719 W 178th St",NA,"CA",90504,-118.324015713,33.8695873873,-118.324099801,33.8694430423,-118.323931609,33.8697317416,"0100","2719 W 178th St,NA,CA,90504",6037
"44222004","1839 FLOOD DR","San Jose","CA",95124,-121.919930641,37.274299966,-121.920106663,37.2741498059,-121.91975206,37.2744507665,NA,"1839 FLOOD DR,San Jose,CA,95124",6085
"8061029020","14403 San Esteban Dr","La Mirada","CA",90638,-118.025341507,33.9009538321,-118.02545025,33.9007851812,-118.025216575,33.9011089549,"0101","14403 San Esteban Dr,La Mirada,CA,90638",6037
"031438242","46853 ARASTRE RD",NA,NA,92314,-116.77952085,34.2655081598,-116.780073082,34.2649787459,-116.778967904,34.2660378046,"526","46853 ARASTRE RD,NA,NA,92314",6071
"6404300421","1106 ISLE WAY","Chula Vista","CA",91910,-117.004063983,32.6312892932,-117.004704483,32.630794939,-117.003401526,32.6317771361,NA,"1106 ISLE WAY,Chula Vista,CA,91910",6073
"444 004505900","24866 TIOGA RD","Hayward","CA",94544,-122.081433693,37.657235974,-122.081617767,37.6570958125,-122.081248921,37.6573748984,"1100","24866 TIOGA RD,Hayward,CA,94544",6001
"946 254206900","843 GENEVIEVE PL","Pleasanton","CA",94566,-121.866069202,37.6521995455,-121.866449024,37.6519706081,-121.86562385,37.6524369457,"1100","843 GENEVIEVE PL,Pleasanton,CA,94566",6001
"056390004","5875 LONE TREE WAY","Antioch","CA",94531,-121.734070123,37.9638990396,-121.734246208,37.9632967782,-121.733907423,37.9645108927,NA,"5875 LONE TREE WAY,Antioch,CA,94531",6013
"4079020026","4555 W 156th St","Lawndale","CA",90260,-118.356750374,33.8899935346,-118.356908222,33.8897142924,-118.356592568,33.8902729559,"010C","4555 W 156th St,Lawndale,CA,90260",6037
"19838044","1138 MERRIMAC DR","Sunnyvale","CA",94087,-122.058834013,37.361912371,-122.058978655,37.3617582665,-122.058689371,37.3620664754,NA,"1138 MERRIMAC DR,Sunnyvale,CA,94087",6085
"8125055081","4140 Workman Mill Rd","Whittier","CA",90601,-118.041280937,34.0124335378,-118.042797773,34.0113334615,-118.039966432,34.0134767646,"010C","4140 Workman Mill Rd,Whittier,CA,90601",6037
"4612600900","4850 WARING RD",NA,NA,92120,-117.087255952,32.7833696486,-117.087871501,32.7828583061,-117.086815457,32.7839137665,NA,"4850 WARING RD,NA,NA,92120",6073
"102024416","13271 14TH ST","Chino","CA",91710,-117.681321926,34.0124096689,-117.68155699,34.0123421463,-117.681086852,34.0124771924,"510","13271 14TH ST,Chino,CA,91710",6071
"499380079","5418 CITRUS GROVE CT","Bakersfield","CA",93313,-119.063201676,35.2994283636,-119.063303521,35.2992533933,-119.063099832,35.2996033291,"0101","5418 CITRUS GROVE CT,Bakersfield,CA,93313",6029
"077-431-007","6428 Camino Viviente","Gaviota","CA",93117,-119.84781458,34.4498913652,-119.848031206,34.4497124595,-119.847597955,34.4500702718,"0100","6428 Camino Viviente,Gaviota,CA,93117",6083
"508180014","5211 TEHAMA AVE","Richmond","CA",94804,-122.318257552,37.9093407038,-122.318415597,37.9091872086,-122.318099581,37.9094943997,NA,"5211 TEHAMA AVE,Richmond,CA,94804",6013
"123031049","535 PANORAMA DR","Bakersfield","CA",93305,-118.991019754,35.4078194068,-118.991331609,35.4074512039,-118.990706894,35.4081881041,"0101","535 PANORAMA DR,Bakersfield,CA,93305",6029
"2645011","4428 17TH ST","San Francisco","CA",94114,-122.443987952,37.7621622539,-122.444037154,37.7620404472,-122.443938462,37.7622844053,NA,"4428 17TH ST,San Francisco,CA,94114",6075
"03102600540000","20 RIVERPORT CIR","Sacramento","CA",95831,-121.524908118,38.4967955041,-121.525111214,38.4966960689,-121.524708045,38.4968880398,NA,"20 RIVERPORT CIR,Sacramento,CA,95831",6067
"2114018179","20134 Leadwell St","Winnetka","CA",91306,-118.572310422,34.2028470546,-118.573179869,34.2022826355,-118.571440992,34.2034114093,"010E","20134 Leadwell St,Winnetka,CA,91306",6037
"306636126","9068 JOHNSON RD","Phelan","CA",92371,-117.555853079,34.4152661943,-117.556634515,34.4149460851,-117.555056388,34.4155763025,"510","9068 JOHNSON RD,Phelan,CA,92371",6071
"062-040-24-1","15807 S MENDOCINO DR","Red Bluff",NA,96080,-122.450586778,40.0181172707,-122.451021733,40.017551361,-122.450070288,40.0185916396,"Y050","15807 S MENDOCINO DR,Red Bluff,NA,96080",6103
"45573145","233 MEADOW PINE PL","San Jose","CA",95111,-121.86685325,37.2965229733,-121.866977066,37.2964313023,-121.866729433,37.2966146443,NA,"233 MEADOW PINE PL,San Jose,CA,95111",6085
"071-201-22-1","1191 HWY 99W","Corning",NA,96021,-122.197103269,39.9241348225,-122.197345209,39.9239636918,-122.196861326,39.9243059525,"010","1191 HWY 99W,Corning,NA,96021",6103
"6500136065","2269 YOSEMITE AVE","Santa Susana","CA",93063,-118.67875063,34.2764841785,-118.67891621,34.2763933255,-118.678585049,34.2765750334,NA,"2269 YOSEMITE AVE,Santa Susana,CA,93063",6111
"098443001","3475 CHANDLER CIR","Bay Point","CA",94565,-121.953745597,38.0284329975,-121.953860088,38.0282985841,-121.953634033,38.0285708986,NA,"3475 CHANDLER CIR,Bay Point,CA,94565",6013
"063-023-006","4405 Via Esperanza","Santa Barbara","CA",93110,-119.770198809,34.4276367679,-119.771043415,34.4271429622,-119.769492508,34.4280429298,"0100","4405 Via Esperanza,Santa Barbara,CA,93110",6083
"2053029048","30047 Trail Creek Dr","Agoura","CA",91301,-118.778367789,34.1526670902,-118.778465731,34.1524197509,-118.778269974,34.1529216675,"010D","30047 Trail Creek Dr,Agoura,CA,91301",6037
"190191011","6409 REXFORD DR","Riverside","CA",92504,-117.422821907,33.9568081291,-117.423018292,33.9567072613,-117.422625748,33.9569085966,NA,"6409 REXFORD DR,Riverside,CA,92504",6065
"02581516","2220 MARSHALL TRL","S Lake Tahoe","CA",96150,-119.964241368,38.8985338133,-119.964653506,38.8984026496,-119.963822861,38.8987304835,"11","2220 MARSHALL TRL,S Lake Tahoe,CA,96150",6017
"4090008005","18503 Crenshaw Blvd","Torrance","CA",90504,-118.326908513,33.862691074,-118.327075894,33.8626122616,-118.326738483,33.8627710867,"0100","18503 Crenshaw Blvd,Torrance,CA,90504",6037
"6412811100","1520 SANTA SIERRA DR","Chula Vista","CA",91913,-117.009498319,32.6147771906,-117.009731679,32.6145969575,-117.009278697,32.6149445807,NA,"1520 SANTA SIERRA DR,Chula Vista,CA,91913",6073
"047353519","18428 SISKIYOU RD","Apple Valley","CA",92307,-117.26208725,34.5449824532,-117.262334773,34.5446212958,-117.261851068,34.5453430489,"510","18428 SISKIYOU RD,Apple Valley,CA,92307",6071
"195210007","1941 ALAMEDA DIABLO",NA,NA,94528,-121.9572547,37.8347550825,-121.957486549,37.834506561,-121.956959049,37.8350902253,NA,"1941 ALAMEDA DIABLO,NA,NA,94528",6013
"00700620130000","900 35TH ST","Sacramento","CA",95816,-121.4599436,38.572441843,-121.460129467,38.5723443602,-121.459754965,38.5725405022,NA,"900 35TH ST,Sacramento,CA,95816",6067
"411 000302600","15727 VIA SORRENTO","San Lorenzo","CA",94580,-122.15384429,37.6746097268,-122.154068486,37.6744529352,-122.153619573,37.6747660599,"1100","15727 VIA SORRENTO,San Lorenzo,CA,94580",6001
"023724115","10478 FREMONTIA AVE","Fontana","CA",92337,-117.470414534,34.0633178366,-117.470659072,34.0632357312,-117.470169787,34.0633998049,"510","10478 FREMONTIA AVE,Fontana,CA,92337",6071
"126-810-030","2313 E LA VIDA AVE","Visalia","CA",93292,-119.267815177,36.3022487026,-119.26791737,36.3020837313,-119.267712985,36.3024136729,NA,"2313 E LA VIDA AVE,Visalia,CA,93292",6107
"2008007","1762 42ND AVE","San Francisco","CA",94122,-122.500838392,37.7538633641,-122.501048002,37.7538199105,-122.500628782,37.7539068177,NA,"1762 42ND AVE,San Francisco,CA,94122",6075
"7542003","70 EVERSON ST","San Francisco","CA",94131,-122.430531277,37.7386738434,-122.430639612,37.7385281123,-122.430421654,37.738820628,NA,"70 EVERSON ST,San Francisco,CA,94131",6075
"4144021030","4839 W 134th Pl",NA,"CA",90250,-118.362721249,33.9105935782,-118.362787177,33.9104119742,-118.362655338,33.9107751971,"0100","4839 W 134th Pl,NA,CA,90250",6037
"1674320300","2732 WATERBURY WAY","Carlsbad","CA",92010,-117.312854156,33.1728876404,-117.313064715,33.1726971956,-117.312667811,33.173074596,NA,"2732 WATERBURY WAY,Carlsbad,CA,92010",6073
"5066017009","1840 S Hayworth Ave",NA,"CA",90035,-118.370458133,34.0420112481,-118.370680702,34.0418869137,-118.370235542,34.0421355721,"0100","1840 S Hayworth Ave,NA,CA,90035",6037
"5033016050","4000 Cherrywood Ave","Baldwin Hills","CA",90008,-118.329849936,34.0118102018,-118.330099086,34.0117303243,-118.329592753,34.0118962512,"0100","4000 Cherrywood Ave,Baldwin Hills,CA,90008",6037
"8114024024","10935 Michael Hunt Dr","S El Monte","CA",91733,-118.041053954,34.0453308975,-118.041357259,34.0450812295,-118.040749835,34.0455810392,"0100","10935 Michael Hunt Dr,S El Monte,CA,91733",6037
"332-030-041-000","1000 CRICKET CT","Lincoln","CA",95648,-121.271550753,38.8685238733,-121.27179314,38.8682920174,-121.271277148,38.8687144095,"01","1000 CRICKET CT,Lincoln,CA,95648",6061
"092382021","515 Grande Ave","Nipomo","CA",93444,-120.480474881,35.0321091069,-120.480922095,35.0317205947,-120.479982759,35.032412351,NA,"515 Grande Ave,Nipomo,CA,93444",6079
"7763824168","1819 SMYTHE AVE","San Ysidro","CA",92173,-117.048234045,32.5647061374,-117.049239332,32.5629526479,-117.046758775,32.5658751115,NA,"1819 SMYTHE AVE,San Ysidro,CA,92173",6073
"014-210-087","1590 E GERALD AVE","Dinuba","CA",93618,-119.377408407,36.5509905282,-119.377516071,36.5508542448,-119.37730005,36.5511267405,NA,"1590 E GERALD AVE,Dinuba,CA,93618",6107
"405550016","3974 SELMI GRV","Hilltop Mall","CA",94806,-122.339948818,37.9916245122,-122.340106733,37.9914901465,-122.33979648,37.9917615989,NA,"3974 SELMI GRV,Hilltop Mall,CA,94806",6013
"3061512000","8596 PARK RUN RD","San Diego","CA",92129,-117.139630995,32.9527616532,-117.139696281,32.9526309855,-117.139565246,32.9528915288,NA,"8596 PARK RUN RD,San Diego,CA,92129",6073
"2235014025","6516 Columbus Ave",NA,"CA",91411,-118.463734281,34.1890187855,-118.463899838,34.1889431038,-118.463568757,34.1890944623,"0100","6516 Columbus Ave,NA,CA,91411",6037
"7069026G","277 MONTANA ST","San Francisco","CA",94112,-122.46181858,37.7163357724,-122.461863516,37.7161638628,-122.461773644,37.7165076817,NA,"277 MONTANA ST,San Francisco,CA,94112",6075
"269222032","2035 CITRUS WOOD LN","Riverside","CA",92503,-117.4471689,33.8808818162,-117.447500952,33.8807336778,-117.446836847,33.8810317371,NA,"2035 CITRUS WOOD LN,Riverside,CA,92503",6065
"101-280-06-1","19825 ANTLER WAY","Cottonwood","CA",96022,-122.209239527,40.3693330131,-122.209526083,40.3691373974,-122.208982252,40.3695351006,"Y051","19825 ANTLER WAY,Cottonwood,CA,96022",6103
"008-192-007","519 2ND ST","Petaluma","CA",94952,-122.631578661,38.231670481,-122.631795219,38.2314000228,-122.631362098,38.231940945,NA,"519 2ND ST,Petaluma,CA,94952",6097
"7410024041","1680 256th St","Harbor City","CA",90710,-118.306932547,33.7912123765,-118.306999945,33.7910087306,-118.306865136,33.7914161129,"010C","1680 256th St,Harbor City,CA,90710",6037
"1614515400","1392 DARWIN DR","Oceanside","CA",92056,-117.268169618,33.2249824521,-117.268327449,33.2248131231,-117.26802294,33.2251520303,NA,"1392 DARWIN DR,Oceanside,CA,92056",6073
"220820019","342 NEWCASTLE LN","Blackhawk","CA",94506,-121.902327594,37.8031953374,-121.902440111,37.8030417981,-121.90221418,37.8033486645,NA,"342 NEWCASTLE LN,Blackhawk,CA,94506",6013
"35925028","7603 DUMAS DR","Cupertino","CA",95014,-122.038480902,37.3109485229,-122.038584667,37.3107897373,-122.038377237,37.3111078157,NA,"7603 DUMAS DR,Cupertino,CA,95014",6085
"40931310","6381 N BOND AVE","FRESNO","CA",93710,-119.768819581,36.8300479843,-119.768990522,36.8299373745,-119.768648604,36.8301585249,"11","6381 N BOND AVE,FRESNO,CA,93710",6019
"462120063","32910 OLIVE AVE","Winchester","CA",92596,-117.086438444,33.7003113476,-117.086646661,33.6998862755,-117.086229797,33.7007360147,NA,"32910 OLIVE AVE,Winchester,CA,92596",6065
"06705800310000","12090 ERATO CIR","Rancho Cordova","CA",95742,-121.225133344,38.5460640577,-121.225323762,38.5459868825,-121.224938176,38.5461406178,NA,"12090 ERATO CIR,Rancho Cordova,CA,95742",6067
"40346202","1305 E EVERGLADE AVE","FRESNO","CA",93720,-119.760122507,36.8648547937,-119.760282999,36.8646954335,-119.759962017,36.8650141528,"11","1305 E EVERGLADE AVE,FRESNO,CA,93720",6019
"329-063-009-000","740 BRIDGESTONE DR","Lincoln","CA",95648,-121.288182233,38.840982025,-121.288317605,38.8408269403,-121.288041179,38.8411392405,"01","740 BRIDGESTONE DR,Lincoln,CA,95648",6061
"2451018030","297 S Lake St","Burbank","CA",91502,-118.312659247,34.1740332661,-118.312886606,34.1738429499,-118.312450313,34.17422384,"3100","297 S Lake St,Burbank,CA,91502",6037
"483 004106900","3238 SAN PEDRO WAY","Union City","CA",94587,-122.068629583,37.5950868312,-122.068797711,37.5949380885,-122.068461094,37.5952374947,"1100","3238 SAN PEDRO WAY,Union City,CA,94587",6001
"018320013000","145 MARK LN","Sutter Creek","CA",95685,-120.808921331,38.388917313,-120.809158712,38.3887674177,-120.808685511,38.3890905585,NA,"145 MARK LN,Sutter Creek,CA,95685",6005
"29612020","134 TYLER CT","Santa Clara","CA",95051,-121.982742152,37.3259814397,-121.982953246,37.3258311284,-121.982544896,37.326080722,NA,"134 TYLER CT,Santa Clara,CA,95051",6085
"6442401717","1827 LAVENDER LN","Chula Vista","CA",91913,-116.972133132,32.612919148,-116.973294407,32.6116548941,-116.970992207,32.6142083527,NA,"1827 LAVENDER LN,Chula Vista,CA,91913",6073
"2250016037","5416 Saloma Ave","Sherman Oaks","CA",91411,-118.458222688,34.1690086954,-118.458390592,34.1689276192,-118.458061263,34.169088925,"0101","5416 Saloma Ave,Sherman Oaks,CA,91411",6037
"20244037","1293 POME AVE","Sunnyvale","CA",94087,-122.046141182,37.3527439044,-122.046253896,37.352663525,-122.046027627,37.3528229706,NA,"1293 POME AVE,Sunnyvale,CA,94087",6085
"033203007000","2498 N PARSONS AVE","Merced","CA",95340,-120.450542844,37.3025626389,-120.450732166,37.3024761209,-120.450353522,37.3026491571,"101","2498 N PARSONS AVE,Merced,CA,95340",6047
"236261030000","3319 CAMPUS DR","Merced","CA",95348,-120.473398056,37.324261615,-120.473560456,37.324182781,-120.473235656,37.3243404489,"101","3319 CAMPUS DR,Merced,CA,95348",6047
"047826207","16173 COLINA ST","Spg Valley Lk","CA",92395,-117.311317668,34.5317455628,-117.311426431,34.5315797433,-117.311208908,34.5319114106,"510","16173 COLINA ST,Spg Valley Lk,CA,92395",6071
"372262055","6021 PHYLLIS ST","Bakersfield","CA",93313,-119.036507239,35.2983499804,-119.03673307,35.298169952,-119.036304559,35.2985302297,"0101","6021 PHYLLIS ST,Bakersfield,CA,93313",6029
"264140023","46 ARDILLA RD","Orinda","CA",94563,-122.200577465,37.8898382517,-122.200822908,37.8895596856,-122.200333629,37.8901377589,NA,"46 ARDILLA RD,Orinda,CA,94563",6013
"5510153065","2890 CALENDULA CT","Thousand Oaks","CA",91360,-118.891780452,34.2186778198,-118.891970123,34.218532997,-118.891606862,34.2188079591,NA,"2890 CALENDULA CT,Thousand Oaks,CA,91360",6111
"5828026009","480 Royce St","Altadena","CA",91001,-118.160799718,34.1885323662,-118.16098179,34.1881911755,-118.160616879,34.1888704782,"0100","480 Royce St,Altadena,CA,91001",6037
"624050010","42038 BODIE RD","Palm Desert","CA",92260,-116.373406388,33.7431036292,-116.373523067,33.742988162,-116.373213653,33.743309491,NA,"42038 BODIE RD,Palm Desert,CA,92260",6065
"6980003","171 LEE AVE","San Francisco","CA",94112,-122.454414445,37.7213380492,-122.454607729,37.7212860325,-122.45422106,37.7213900831,NA,"171 LEE AVE,San Francisco,CA,94112",6075
"7145001030","3510 Elm Ave",NA,"CA",90807,-118.187530445,33.8203889749,-118.187845194,33.8201962823,-118.18721632,33.8205811835,"010E","3510 Elm Ave,NA,CA,90807",6037
"122-091-021","1133 W EVERGREEN CT","Visalia","CA",93277,-119.303528061,36.3062594056,-119.30366882,36.3061308678,-119.303288138,36.3064570913,NA,"1133 W EVERGREEN CT,Visalia,CA,93277",6107
"003-242-035","4647 Carpinteria Ave","Carpinteria","CA",93013,-119.523664875,34.4013652916,-119.523854393,34.4012312287,-119.523477421,34.4014993442,"0800","4647 Carpinteria Ave,Carpinteria,CA,93013",6083
"3468020754","8525 VILLA LA JOLLA DR","La Jolla","CA",92037,-117.234888649,32.8627493865,-117.235459206,32.8615551624,-117.234413303,32.8636571794,NA,"8525 VILLA LA JOLLA DR,La Jolla,CA,92037",6073
"8470041006","1546 S Shadydale Ave","West Covina","CA",91790,-117.949885774,34.0545017952,-117.95010648,34.0543219101,-117.949664874,34.0546816159,"0101","1546 S Shadydale Ave,West Covina,CA,91790",6037
"1900802200","25118 LAKE WOHLFORD RD","Escondido","CA",92027,-117.019879375,33.1683703727,-117.021696463,33.1663752409,-117.018001836,33.170312235,NA,"25118 LAKE WOHLFORD RD,Escondido,CA,92027",6073
"123-036-001","418 W Main St","Santa Maria","CA",93458,-120.441239454,34.9528708169,-120.441311039,34.9527327365,-120.441167866,34.9530088961,"0000","418 W Main St,Santa Maria,CA,93458",6083
"061 261802400","983 TULARE AVE","Berkeley","CA",94707,-122.281727745,37.8872134052,-122.281954836,37.8871003454,-122.28150001,37.8873264051,"1100","983 TULARE AVE,Berkeley,CA,94707",6001
"2310011024","8148 Gentry Ave",NA,"CA",91605,-118.392877,34.2190186967,-118.393054801,34.2189358167,-118.392699181,34.2191015691,"0100","8148 Gentry Ave,NA,CA,91605",6037
"092291027","540 Story St","Nipomo","CA",93444,-120.476293622,35.0264482543,-120.476499073,35.0262761943,-120.476088095,35.0266205262,NA,"540 Story St,Nipomo,CA,93444",6079
"101612181","12175 RAMONA AVE","Chino","CA",91710,-117.704833758,34.0320374529,-117.704916472,34.0320095527,-117.704751045,34.0320653531,"630","12175 RAMONA AVE,Chino,CA,91710",6071
"607-151-047","1136 Cardiff Ln","Santa Maria","CA",93455,-120.417146091,34.8881738161,-120.417250042,34.8880744396,-120.417026159,34.888268846,"0273","1136 Cardiff Ln,Santa Maria,CA,93455",6083
"5143311000","1558 PLANTATION WAY","El Cajon","CA",92019,-116.925444382,32.7756629259,-116.925908531,32.7754225124,-116.925167136,32.7759965463,NA,"1558 PLANTATION WAY,El Cajon,CA,92019",6073
"7508011038","411 S Broadway","Redondo Beach","CA",90277,-118.386928357,33.8359862616,-118.387182039,33.8359166055,-118.386675828,33.8360558406,"010C","411 S Broadway,Redondo Beach,CA,90277",6037
"526260001","2900 ANDRADE AVE","Richmond","CA",94804,-122.338639252,37.947543395,-122.338726539,37.947403881,-122.338551688,37.9476826906,NA,"2900 ANDRADE AVE,Richmond,CA,94804",6013
"947343006","39640 TINDERBOX WAY","Murrieta","CA",92562,-117.20743604,33.5960744345,-117.207698559,33.5958977946,-117.207150208,33.5962477326,NA,"39640 TINDERBOX WAY,Murrieta,CA,92562",6065
"043423711","10612 BALSA ST","Apple Valley","CA",92308,-117.197336048,34.4444749766,-117.197651845,34.4441957018,-117.197012668,34.4447669464,"510","10612 BALSA ST,Apple Valley,CA,92308",6071
"5020404906","11452 VIA RANCHO SAN DIEGO","El Cajon","CA",92019,-116.931114858,32.7466820457,-116.931541493,32.7462794558,-116.930567891,32.7471112184,NA,"11452 VIA RANCHO SAN DIEGO,El Cajon,CA,92019",6073
"061052024000","34611 MCDANIEL DR","North Fork","CA",93643,-119.555935195,37.2507303801,-119.556987079,37.2499263648,-119.554900886,37.2515283025,"RAXX","34611 MCDANIEL DR,North Fork,CA,93643",6039
"1660224150","1241 BORDEAUX AVE","Camarillo","CA",93010,-119.037794041,34.2297587916,-119.037950465,34.229660729,-119.037612697,34.2298672976,NA,"1241 BORDEAUX AVE,Camarillo,CA,93010",6111
"5690520100","253 MINOT AVE","Chula Vista","CA",91910,-117.073758287,32.6448410856,-117.073941621,32.644719072,-117.073575055,32.6449636023,NA,"253 MINOT AVE,Chula Vista,CA,91910",6073
"40447052","2557 E JORDAN AVE","FRESNO","CA",93720,-119.737627121,36.8513594798,-119.737740978,36.8512190654,-119.737513298,36.8515000208,"11","2557 E JORDAN AVE,FRESNO,CA,93720",6019
"8458005010","819 N Foxdale Ave","West Covina","CA",91790,-117.937490806,34.0857380964,-117.937687708,34.0856303492,-117.937293912,34.0858455549,"0101","819 N Foxdale Ave,West Covina,CA,91790",6037
"4876011","1130 CARROLL AVE","San Francisco","CA",94124,-122.385123893,37.7208955478,-122.385461664,37.7206369908,-122.384746049,37.7212203541,NA,"1130 CARROLL AVE,San Francisco,CA,94124",6075
"070-011-15","70 CORTE PATENCIO","Greenbrae","CA",94904,-122.530751461,37.9563364708,-122.530977354,37.9561189808,-122.530527099,37.9565385369,"11","70 CORTE PATENCIO,Greenbrae,CA,94904",6041
"65205015","2720 MOUNT PLEASANT RD","San Jose","CA",95148,-121.772897145,37.3370584812,-121.774286794,37.3359453119,-121.771564743,37.3381857146,NA,"2720 MOUNT PLEASANT RD,San Jose,CA,95148",6085
"58703044","1568 SUN LN","San Jose","CA",95132,-121.85593913,37.4059277409,-121.856141419,37.4057841199,-121.855736496,37.4060712222,NA,"1568 SUN LN,San Jose,CA,95132",6085
"1701620300","3233 FAIRVIEW DR","Vista","CA",92084,-117.218066019,33.2558050696,-117.218462416,33.255266988,-117.217670627,33.2563410696,NA,"3233 FAIRVIEW DR,Vista,CA,92084",6073
"606380008","44037 ROYAL TROON DR","Chiriaco Smt","CA",92201,-116.266221302,33.7276780554,-116.26641025,33.7275249731,-116.266033019,33.7278315594,NA,"44037 ROYAL TROON DR,Chiriaco Smt,CA,92201",6065
"25100230270000","3901 CLAY ST","Sacramento","CA",95838,-121.439730446,38.6385402635,-121.439842849,38.6384690819,-121.439615184,38.6386100572,NA,"3901 CLAY ST,Sacramento,CA,95838",6067
"5931701900","1065 CALLE ESCARPADA","Bonita","CA",91902,-117.02560219,32.6586000201,-117.025862673,32.6583131377,-117.025332568,32.658918524,NA,"1065 CALLE ESCARPADA,Bonita,CA,91902",6073
"8037033046","15965 Alta Vista Dr","La Mirada","CA",90638,-117.990460894,33.9054473475,-117.992391468,33.905019359,-117.988572202,33.906323985,"010C","15965 Alta Vista Dr,La Mirada,CA,90638",6037
"7556029006","2830 Colt Rd","Rancho Palos Verdes","CA",90275,-118.325705465,33.755248841,-118.326237961,33.7547094319,-118.32496668,33.7558896394,"0101","2830 Colt Rd,Rancho Palos Verdes,CA,90275",6037
"312042025","16123 NIPPET LN","Moreno Valley","CA",92551,-117.218456974,33.8864647159,-117.21865951,33.8863813426,-117.218255289,33.8865471243,NA,"16123 NIPPET LN,Moreno Valley,CA,92551",6065
"186041240","7823 EMPEROR AVE","Lamont","CA",93241,-118.917609823,35.2641703126,-118.918528903,35.263343029,-118.916691386,35.2649965491,"6050","7823 EMPEROR AVE,Lamont,CA,93241",6029
"2182500300","776 CATHERINE AVE","San Marcos","CA",92069,-117.143762754,33.1508197721,-117.144026849,33.1506307093,-117.14350312,33.1510094766,NA,"776 CATHERINE AVE,San Marcos,CA,92069",6073
"083-440-019-000","4090 COURCHEVEL RD",NA,NA,96145,-120.223867271,39.1473945233,-120.224724034,39.1468437458,-120.223236931,39.1477697114,"10","4090 COURCHEVEL RD,NA,NA,96145",6061
"50416018S","6265 W MENLO AVE","FRESNO","CA",93722,-119.904836063,36.830862503,-119.905056669,36.8306772561,-119.904617491,36.8310475014,"11","6265 W MENLO AVE,FRESNO,CA,93722",6019
"02559402","1761 FORTUNE WAY","S Lake Tahoe","CA",96150,-119.955761013,38.9073613976,-119.956039949,38.9071092425,-119.955473063,38.9075960105,"11","1761 FORTUNE WAY,S Lake Tahoe,CA,96150",6017
"032 331 03","2017 REGIS DR","Davis","CA",95618,-121.725793535,38.5570246242,-121.725913972,38.5568520359,-121.725673098,38.5571972118,NA,"2017 REGIS DR,Davis,CA,95618",6113
"415 008005300","2306 STAR AVE","Castro Valley","CA",94546,-122.076690618,37.6889143632,-122.076797974,37.6887843217,-122.076585225,37.6890420053,"1100","2306 STAR AVE,Castro Valley,CA,94546",6001
"6045006003","8601 S Alameda St",NA,"CA",90002,-118.231939023,33.9598353645,-118.232195058,33.9595901477,-118.231629957,33.9600559857,"1700","8601 S Alameda St,NA,CA,90002",6037
"128-122-007","1626 Suey Rd","Santa Maria","CA",93454,-120.408538162,34.9686911757,-120.408700407,34.9686040723,-120.408375914,34.9687782788,"0100","1626 Suey Rd,Santa Maria,CA,93454",6083
"067155026","1111 MACAULEY ST","Antioch","CA",94509,-121.81672841,38.0097502571,-121.816849938,38.0096140075,-121.816625952,38.0098886086,NA,"1111 MACAULEY ST,Antioch,CA,94509",6013
"30925161S","3680 N LINDSEY AVE","SANGER","CA",93657,-119.585445163,36.7894976019,-119.585969912,36.7890995713,-119.584901069,36.789913724,"11","3680 N LINDSEY AVE,SANGER,CA,93657",6019
"030600009000","18740 TOYON CT","Pine Grove",NA,95665,-120.680060459,38.4447726143,-120.680444067,38.4441703433,-120.679701171,38.4453797631,NA,"18740 TOYON CT,Pine Grove,NA,95665",6005
"941 278301200","7834 CROSSRIDGE RD","Dublin","CA",94568,-121.914729363,37.7260891637,-121.915024603,37.7259780375,-121.91444549,37.7261925141,"1100","7834 CROSSRIDGE RD,Dublin,CA,94568",6001
"21109013","714 JACKPINE CT","Sunnyvale","CA",94086,-122.020666957,37.362257362,-122.020860831,37.3621477152,-122.020473655,37.3623669659,NA,"714 JACKPINE CT,Sunnyvale,CA,94086",6085
"1772004E","1350 18TH AVE","San Francisco","CA",94122,-122.475660699,37.7626866789,-122.475870342,37.7626432859,-122.475451055,37.7627300716,NA,"1350 18TH AVE,San Francisco,CA,94122",6075
"201081098","525 W SHERWOOD AVE","Mc Farland","CA",93250,-119.234745001,35.6741349806,-119.234830599,35.6739563435,-119.234659407,35.6743136125,"0101","525 W SHERWOOD AVE,Mc Farland,CA,93250",6029
"336-160-013-000","2523 BLUE HERON LOOP","Lincoln","CA",95648,-121.256300764,38.8622481108,-121.25643933,38.8620943843,-121.256162922,38.8623991073,"01","2523 BLUE HERON LOOP,Lincoln,CA,95648",6061
"5447026902","223 S Avenue 18",NA,"CA",90031,-118.222310353,34.0707949051,-118.222597808,34.0706164807,-118.222022896,34.0709733232,"0200","223 S Avenue 18,NA,CA,90031",6037
"2056008031","30845 Oakrim Dr","Westlake Village","CA",91362,-118.792762205,34.1577113091,-118.792960226,34.157530178,-118.792585441,34.1578994938,"010D","30845 Oakrim Dr,Westlake Village,CA,91362",6037
"36338031","328 E SYCAMORE AVE","REEDLEY","CA",93654,-119.446096941,36.6072113596,-119.446199627,36.6070680077,-119.445994296,36.6073548841,"11","328 E SYCAMORE AVE,REEDLEY,CA,93654",6019
"6003017018","1327 W 60th Pl","August F. Haw","CA",90044,-118.299038414,33.985276353,-118.299121685,33.9851045118,-118.298955142,33.9854481939,"0100","1327 W 60th Pl,August F. Haw,CA,90044",6037
"232827606","339 SANTA CLARA BLVD",NA,NA,92315,-116.875214473,34.2460766768,-116.875382502,34.2459752547,-116.875045545,34.2461777576,"510","339 SANTA CLARA BLVD,NA,NA,92315",6071
"6377018011","5413 Lemoran Ave","Pico Rivera","CA",90660,-118.082444796,33.9933472496,-118.082633419,33.9932175509,-118.082255689,33.9934771305,"0100","5413 Lemoran Ave,Pico Rivera,CA,90660",6037
"041225508","16515 SAGE ST","Hesperia","CA",92345,-117.302756942,34.4005735152,-117.302974891,34.4002924306,-117.302539111,34.4008546199,"510","16515 SAGE ST,Hesperia,CA,92345",6071
"0054039","251 FRANCISCO ST","San Francisco","CA",94133,-122.409176206,37.8050293162,-122.409246958,37.8049264716,-122.409105453,37.8051321606,NA,"251 FRANCISCO ST,San Francisco,CA,94133",6075
"38141084","1059 HAPPY VALLEY AVE","San Jose","CA",95129,-121.990793041,37.3073309961,-121.991000721,37.3071946327,-121.990584826,37.3074680366,NA,"1059 HAPPY VALLEY AVE,San Jose,CA,95129",6085
"1592613300","1219 SUNBRIGHT DR","Oceanside","CA",92056,-117.264364532,33.2300862632,-117.264604669,33.2299549418,-117.2640967,33.2302006934,NA,"1219 SUNBRIGHT DR,Oceanside,CA,92056",6073
"0900232085","289 GORRION AVE","Ventura","CA",93004,-119.155289223,34.2943946241,-119.155499355,34.2942315973,-119.15507909,34.2945576509,NA,"289 GORRION AVE,Ventura,CA,93004",6111
"027 085304700","2815 BROOKDALE AVE","Oakland","CA",94602,-122.218543382,37.7929843561,-122.218646967,37.7928747061,-122.218439798,37.7930940049,"1100","2815 BROOKDALE AVE,Oakland,CA,94602",6001
"53230044","189 LOMA ALTA AVE","Los Gatos","CA",95030,-121.968904417,37.219317796,-121.969132928,37.2191189339,-121.968675907,37.2195166582,NA,"189 LOMA ALTA AVE,Los Gatos,CA,95030",6085
"06707500510000","12055 MALLARD LAKE WAY","Rancho Cordova","CA",95742,-121.226391337,38.5341727253,-121.226579852,38.5339959845,-121.226202822,38.5343494659,NA,"12055 MALLARD LAKE WAY,Rancho Cordova,CA,95742",6067
"603412025","49581 AVENIDA CORTEZ","Coachella","CA",92236,-116.188758015,33.688551654,-116.188903675,33.6884883094,-116.188613583,33.6886155931,NA,"49581 AVENIDA CORTEZ,Coachella,CA,92236",6065
"2350134245","3835 CALLE POSADAS","Newbury Park","CA",91320,-118.956948614,34.1893528106,-118.957073726,34.1891632766,-118.956795254,34.1895056159,NA,"3835 CALLE POSADAS,Newbury Park,CA,91320",6111
"411271005","1712 BROOKSIDE DR","Hilltop Mall","CA",94806,-122.350932479,37.9625838731,-122.351054281,37.9624364013,-122.350810027,37.9627317439,NA,"1712 BROOKSIDE DR,Hilltop Mall,CA,94806",6013
"4451320400","4581 GEORGIA ST","San Diego","CA",92116,-117.144666976,32.7605686129,-117.144894559,32.7605162471,-117.144439385,32.7606209717,NA,"4581 GEORGIA ST,San Diego,CA,92116",6073
"041-281-033","2610 Mesa School Ln","Santa Barbara","CA",93109,-119.735914492,34.4014655022,-119.736022042,34.4013216242,-119.735805326,34.4016104658,"0100","2610 Mesa School Ln,Santa Barbara,CA,93109",6083
"543 046503900","4571 MARTIN ST","Union City","CA",94587,-122.064114686,37.5743825322,-122.064318471,37.5742325602,-122.063910902,37.5745324242,"1100","4571 MARTIN ST,Union City,CA,94587",6001
"044-211-29","527 HUMES AVE","Aptos","CA",95003,-121.884704913,36.9685014595,-121.884884414,36.9683858585,-121.88451867,36.9686151635,"020","527 HUMES AVE,Aptos,CA,95003",6087
"3170036023","43441 Carpenter Dr","Hi Vista","CA",93535,-118.109800982,34.6724760098,-118.110004982,34.6723898156,-118.109597065,34.6725621924,"0100","43441 Carpenter Dr,Hi Vista,CA,93535",6037
"3733104400","10647 PORTOBELO DR","San Diego","CA",92124,-117.095962801,32.8387860096,-117.096134548,32.8386535449,-117.095790123,32.8389208676,NA,"10647 PORTOBELO DR,San Diego,CA,92124",6073
"222-060-014","407 TRAILS END DR","Springville",NA,93265,-118.608089069,36.1419025971,-118.608367979,36.1418011761,-118.607842444,36.1420059818,NA,"407 TRAILS END DR,Springville,NA,93265",6107
"2781032031","8857 Laramie Ave","Winnetka","CA",91306,-118.573567747,34.2316185747,-118.573799797,34.2315197891,-118.573270497,34.2317052802,"0100","8857 Laramie Ave,Winnetka,CA,91306",6037
"3193715700","12272 CREEKSIDE CT","San Diego","CA",92131,-117.07625004,32.9211755145,-117.076499086,32.9210659713,-117.075991318,32.9212973962,NA,"12272 CREEKSIDE CT,San Diego,CA,92131",6073
"184130001","2371 WARREN RD","Walnut Creek","CA",94595,-122.074405801,37.8909550881,-122.074589979,37.8906544568,-122.074223398,37.8912647396,NA,"2371 WARREN RD,Walnut Creek,CA,94595",6013
"078G295000703","31159 FAIRCLIFF ST","Hayward","CA",94544,-122.033710981,37.6215888492,-122.034072046,37.6213963104,-122.033340076,37.6217708385,"1100","31159 FAIRCLIFF ST,Hayward,CA,94544",6001
"778310001","52890 SHADY LN","Coachella","CA",92236,-116.173177953,33.6640899137,-116.173344807,33.663977148,-116.173018505,33.6641954444,NA,"52890 SHADY LN,Coachella,CA,92236",6065
"038530005000","18134 BOURBON ST","Jackson","CA",95642,-120.689521129,38.3997273651,-120.690671699,38.3987680979,-120.688402988,38.400651236,NA,"18134 BOURBON ST,Jackson,CA,95642",6005
"431411018","4917 THUNDERHEAD CT","El Sobrante","CA",94803,-122.27201356,37.9745430185,-122.272249292,37.9743540188,-122.271778482,37.9747308148,NA,"4917 THUNDERHEAD CT,El Sobrante,CA,94803",6013
"111906171","16473 TIERRA LN","Fontana","CA",92336,-117.44541825,34.1487588079,-117.445531444,34.1486292219,-117.445305054,34.1488883969,"510","16473 TIERRA LN,Fontana,CA,92336",6071
"081D190602200","3619 SEABREEZE CT","Hayward","CA",94542,-122.026452684,37.6515195126,-122.02663727,37.6513597452,-122.026292945,37.6517146339,"1100","3619 SEABREEZE CT,Hayward,CA,94542",6001
"5305023017","4305 Esmeralda St","El Sereno Car","CA",90032,-118.193239771,34.0828697952,-118.193412511,34.0827507633,-118.193069707,34.0829884283,"0100","4305 Esmeralda St,El Sereno Car,CA,90032",6037
"2592224736","1980 SPRINGDALE LN","Encinitas","CA",92024,-117.244792278,33.0409623145,-117.245978275,33.0397077496,-117.242871787,33.0428172105,NA,"1980 SPRINGDALE LN,Encinitas,CA,92024",6073
"2886820639","25382 PAPPAS RD","Ramona","CA",92065,-116.78231686,33.0052259883,-116.782354936,33.0051640554,-116.782278783,33.0052879213,NA,"25382 PAPPAS RD,Ramona,CA,92065",6073
"5560031002","9116 St Ives Dr","Los Angeles","CA",90069,-118.390454562,34.093231803,-118.39066589,34.0930309098,-118.390296703,34.0934476026,"0101","9116 St Ives Dr,Los Angeles,CA,90069",6037
"03109900680000","7307 PERERA CIR","Sacramento","CA",95831,-121.537168903,38.4929327078,-121.537255424,38.4927948408,-121.537084528,38.493068286,NA,"7307 PERERA CIR,Sacramento,CA,95831",6067
"6113002005","15540 S Normandie Ave","Gardena","CA",90247,-118.298955495,33.8896952955,-118.299175588,33.8895522889,-118.29873562,33.8898386609,"0500","15540 S Normandie Ave,Gardena,CA,90247",6037
"663081025","64180 DUNN ST","Desert Hot Springs","CA",92240,-116.542005278,33.9514071105,-116.54217097,33.9512299462,-116.541837815,33.9515838257,NA,"64180 DUNN ST,Desert Hot Springs,CA,92240",6065
"7266022030","1603 E 6th St","Long Beach","CA",90802,-118.171809904,33.7746275225,-118.171891968,33.7745151446,-118.171728107,33.7747394337,"0100","1603 E 6th St,Long Beach,CA,90802",6037
"601650016","84131 AZZURA WAY","Indio","CA",92203,-116.19704657,33.7369302135,-116.197129484,33.7367833299,-116.196964881,33.7370781376,NA,"84131 AZZURA WAY,Indio,CA,92203",6065
"49727082","3015 SENTER RD","San Jose","CA",95111,-121.836150635,37.2957958754,-121.836341925,37.2956503657,-121.835958992,37.2959411568,NA,"3015 SENTER RD,San Jose,CA,95111",6085
"845190039","323 N 5TH ST","Blythe","CA",92225,-114.590647769,33.6146834439,-114.590831423,33.6146388152,-114.59046541,33.6147290321,NA,"323 N 5TH ST,Blythe,CA,92225",6065
"012-035-014-000","2030 BIRD ST","Butte Valley","CA",95965,-121.554797096,39.5134470079,-121.554872733,39.5133485735,-121.554721391,39.5135455834,"CS","2030 BIRD ST,Butte Valley,CA,95965",6007
"011580058","8048 WESTPORT CIR","Discovery Bay","CA",94505,-121.619806552,37.9310589035,-121.619910964,37.930914525,-121.619707843,37.9312104854,NA,"8048 WESTPORT CIR,Discovery Bay,CA,94505",6013
"2545006034","9630 Sombra Valley Dr",NA,"CA",91040,-118.34161361,34.2515349628,-118.3418524,34.2512459888,-118.341383531,34.2518276022,"0101","9630 Sombra Valley Dr,NA,CA,91040",6037
"0880142085","7314 EISENHOWER ST","Ventura","CA",93003,-119.195927279,34.2743570235,-119.196051106,34.2742068138,-119.195803406,34.2745071125,NA,"7314 EISENHOWER ST,Ventura,CA,93003",6111
"045036133","32366 FURST ST",NA,NA,92356,-116.95740373,34.4407820393,-116.957711139,34.4402892072,-116.957096309,34.4412748667,"510","32366 FURST ST,NA,NA,92356",6071
"416051024","2441 GLENLOCK ST","Hilltop Mall","CA",94806,-122.326863798,37.9655575419,-122.327020622,37.9654391445,-122.326707053,37.9656760348,NA,"2441 GLENLOCK ST,Hilltop Mall,CA,94806",6013
"019674009000","5566 SEEDLING WAY","Marysville","CA",95901,-121.532803292,39.1155855703,-121.532980107,39.115502438,-121.532626477,39.115668703,NA,"5566 SEEDLING WAY,Marysville,CA,95901",6115
"2216019000","10545 HOMEWARD LN","Grass Valley","CA",95949,-121.063757106,39.1874616209,-121.064153818,39.1865384082,-121.063300103,39.1880622289,NA,"10545 HOMEWARD LN,Grass Valley,CA,95949",6057
"2473008006","2933 N Lincoln St","Burbank","CA",91504,-118.335647063,34.2091316319,-118.335846644,34.2090592665,-118.335446969,34.2092045072,"0100","2933 N Lincoln St,Burbank,CA,91504",6037
"3052051009","36406 Ironhorse Dr","Palmdale","CA",93550,-118.071924389,34.5428740089,-118.072098264,34.542778554,-118.071755499,34.5429674634,"0101","36406 Ironhorse Dr,Palmdale,CA,93550",6037
"052340023000","1554 MESA CT","Merced","CA",95340,-120.458188176,37.3746317867,-120.458569755,37.3741964,-120.457904503,37.3749723217,"101","1554 MESA CT,Merced,CA,95340",6047
"100-270-08-1","19675 WEAVERVILLE PL","Cottonwood","CA",96022,-122.199091956,40.3652395397,-122.199455843,40.3647876539,-122.198802249,40.3656488166,"Y051","19675 WEAVERVILLE PL,Cottonwood,CA,96022",6103
"2513013025","13506 Gridley St","San Fernando","CA",91340,-118.4271632,34.3029199335,-118.427394172,34.3027152031,-118.426932221,34.3031246703,"0100","13506 Gridley St,San Fernando,CA,91340",6037
"0800274105","2849 SAILOR AVE","Ventura","CA",93001,-119.265248217,34.2576415283,-119.265428964,34.257538422,-119.265067471,34.257744633,NA,"2849 SAILOR AVE,Ventura,CA,93001",6111
"009-253-041","331 S E ST","Santa Rosa","CA",95404,-122.706228022,38.4361172929,-122.706371721,38.4359746765,-122.706043629,38.4362614205,NA,"331 S E ST,Santa Rosa,CA,95404",6097
"3109028031","42520  28th St W","Del Sur","CA",93536,-118.180494437,34.6553993484,-118.180994749,34.6552084178,-118.18001221,34.6555915977,"0100","42520  28th St W,Del Sur,CA,93536",6037
"670403004","30064 WINTER DR","Cathedral City","CA",92234,-116.454523664,33.8302410773,-116.454710227,33.8300425044,-116.454206441,33.8303651292,NA,"30064 WINTER DR,Cathedral City,CA,92234",6065
"460191042","1448 ANGELUS HILL RD","Hemet","CA",92545,-117.00844387,33.7230313868,-117.008618452,33.7229542409,-117.008269311,33.7231085291,NA,"1448 ANGELUS HILL RD,Hemet,CA,92545",6065
"4263031002","11900 Rochester Ave","Los Angeles","CA",90025,-118.462076845,34.043588312,-118.462312672,34.0434201996,-118.461841025,34.0437564277,"0500","11900 Rochester Ave,Los Angeles,CA,90025",6037
"117-614-014","2138 Chestnut Ln","Santa Maria","CA",93458,-120.436369257,34.9804098007,-120.43653673,34.9803514764,-120.436201613,34.9804681194,"0100","2138 Chestnut Ln,Santa Maria,CA,93458",6083
"25445073","1905 JUNESONG WAY","San Jose","CA",95133,-121.8677315,37.3744841366,-121.86788467,37.3743215032,-121.867571537,37.3746792954,NA,"1905 JUNESONG WAY,San Jose,CA,95133",6085
"6420165145","3171 ROYAL AVE","Simi Valley","CA",93065,-118.736080206,34.2643376228,-118.736266207,34.2641424083,-118.735876274,34.2645316565,NA,"3171 ROYAL AVE,Simi Valley,CA,93065",6111
"088470001","2240 FAIRBOURNE DR","Pittsburg","CA",94565,-121.878309176,38.0079237664,-121.878520342,38.0077492546,-121.878073414,38.0080838937,NA,"2240 FAIRBOURNE DR,Pittsburg,CA,94565",6013
"01501230430000","5041 9TH AVE","Sacramento","CA",95820,-121.447001009,38.5439014776,-121.447080512,38.543716305,-121.446921421,38.5440869352,NA,"5041 9TH AVE,Sacramento,CA,95820",6067
"019447131","11326 FIESTA CT","Fontana","CA",92337,-117.433007296,34.0481212903,-117.433243453,34.0479308641,-117.432864511,34.0482421601,"510","11326 FIESTA CT,Fontana,CA,92337",6071
"20833112","47600 STATE HIGHWAY 36","Bridgeville","CA",95526,-123.547087134,40.4695236334,-123.553919454,40.4656481618,-123.542770297,40.4719496865,"U","47600 STATE HIGHWAY 36,Bridgeville,CA,95526",6023
"68052065","5364 MANDERSTON DR","San Jose","CA",95138,-121.771200961,37.2804132977,-121.771449343,37.2802306243,-121.770923469,37.2805806326,NA,"5364 MANDERSTON DR,San Jose,CA,95138",6085
"289122012","19701 BRITE VALLEY RD","Tehachapi","CA",93561,-118.480887232,35.1481369447,-118.481038595,35.1478935463,-118.480746168,35.1483825518,"0050","19701 BRITE VALLEY RD,Tehachapi,CA,93561",6029
"40333106","8937 N ARCHIE AVE","FRESNO","CA",93720,-119.75640993,36.8656213181,-119.756609382,36.8655391267,-119.756216303,36.8657043748,"11","8937 N ARCHIE AVE,FRESNO,CA,93720",6019
"017-162-005","442 W MONO ST","Dinuba","CA",93618,-119.39040159,36.5350515857,-119.390716887,36.5349722141,-119.390083591,36.5351990444,NA,"442 W MONO ST,Dinuba,CA,93618",6107
"11605200390000","9115 S CAMDEN WAY","Elk Grove","CA",95624,-121.380177672,38.4271459138,-121.380374835,38.4270264902,-121.379944575,38.4273158208,NA,"9115 S CAMDEN WAY,Elk Grove,CA,95624",6067
"074 134501400","159 BANNISTER WAY","Alameda","CA",94502,-122.253175149,37.7377014807,-122.253230727,37.7375723303,-122.253119572,37.7378306311,"1400","159 BANNISTER WAY,Alameda,CA,94502",6001
"1575004700","1601 APPALOOSA WAY","Oceanside","CA",92057,-117.260217227,33.2488811295,-117.260368317,33.2487074208,-117.260037904,33.2490513689,NA,"1601 APPALOOSA WAY,Oceanside,CA,92057",6073
"0190140035","410 CHURCH RD","Ojai","CA",93023,-119.264205033,34.4451693923,-119.264334329,34.4450495762,-119.264074181,34.4452725492,NA,"410 CHURCH RD,Ojai,CA,93023",6111
"065-570-020","5254 Calle Morelia","Santa Barbara","CA",93111,-119.806616764,34.4331901954,-119.806729585,34.4330408368,-119.806495555,34.4333255427,"0100","5254 Calle Morelia,Santa Barbara,CA,93111",6083
"8647020038","435 E Bougainvillea Ln","Glendora","CA",91741,-117.861106608,34.14108209,-117.861146711,34.1410118172,-117.861066504,34.1411523632,"010D","435 E Bougainvillea Ln,Glendora,CA,91741",6037
"037-511-12","2607 WILLOWBROOK LN","Aptos","CA",95003,-121.934495048,36.9850175683,-121.934540044,36.9849521782,-121.934446698,36.9850921334,"021","2607 WILLOWBROOK LN,Aptos,CA,95003",6087
"6070003022","1503 E 109th St","August F. Haw","CA",90059,-118.248094279,33.9371170009,-118.248199231,33.9369052408,-118.247989294,33.9373287314,"0200","1503 E 109th St,August F. Haw,CA,90059",6037
"033-080-028","11269 AVENUE 392","Cutler","CA",93615,-119.320471587,36.5006716801,-119.32250499,36.4997147204,-119.318083104,36.5015162491,NA,"11269 AVENUE 392,Cutler,CA,93615",6107
"402403004","10740 BEL AIR DR","Cherry Valley","CA",92223,-116.946015405,33.9662403117,-116.94618813,33.9660944138,-116.945843387,33.9663861363,NA,"10740 BEL AIR DR,Cherry Valley,CA,92223",6065
"321030008","18805 MARKHAM ST","Riverside","CA",92508,-117.334012557,33.8571154013,-117.334714001,33.8562372935,-117.33361994,33.8580648459,NA,"18805 MARKHAM ST,Riverside,CA,92508",6065
"1463302500","482 SHADOW TREE DR","Oceanside","CA",92058,-117.352970442,33.2322518409,-117.353165099,33.2321190376,-117.352769629,33.232398473,NA,"482 SHADOW TREE DR,Oceanside,CA,92058",6073
"7176010014","6128 Silva St",NA,"CA",90713,-118.112236483,33.84768029,-118.112319491,33.8475426431,-118.11215345,33.8478179597,"0100","6128 Silva St,NA,CA,90713",6037
"11516200140000","8443 MOUNTAIN BELL CT","Elk Grove","CA",95624,-121.389552334,38.4503909516,-121.389749536,38.4503147277,-121.389355133,38.4504671755,NA,"8443 MOUNTAIN BELL CT,Elk Grove,CA,95624",6067
"5804004013","4647 Marellen Pl",NA,"CA",91214,-118.234310576,34.2246755078,-118.234538552,34.2245956525,-118.234082669,34.2247553865,"0100","4647 Marellen Pl,NA,CA,91214",6037
"021 023700700","1148 E 18TH ST","Oakland","CA",94606,-122.244189271,37.793741116,-122.244667137,37.7933579527,-122.2437395,37.7942157071,"4200","1148 E 18TH ST,Oakland,CA,94606",6001
"2982132141","535 S HIGHWAY 101","Solana Beach","CA",92075,-117.270684642,32.9847288432,-117.271319754,32.9843431964,-117.270093386,32.9851787936,NA,"535 S HIGHWAY 101,Solana Beach,CA,92075",6073
"14806600650000","1111 PARK TERRACE DR","Galt","CA",95632,-121.287918145,38.2865764617,-121.288095426,38.2864785259,-121.287735717,38.2866707397,NA,"1111 PARK TERRACE DR,Galt,CA,95632",6067
"051-104-037-000","8470 MONTNA DR","Paradise","CA",95969,-121.604892189,39.7809439394,-121.605277281,39.780674245,-121.604506991,39.7812136865,"RS","8470 MONTNA DR,Paradise,CA,95969",6007
"031027769","1207 PINE LN","Big Bear City","CA",92314,-116.865912505,34.2303536748,-116.866002686,34.2298213034,-116.865820888,34.2308473752,"510","1207 PINE LN,Big Bear City,CA,92314",6071
"105304132","6765 ASH CT","Chino","CA",91710,-117.656669844,34.0039814056,-117.65680195,34.003837088,-117.656528627,34.0042383351,"510","6765 ASH CT,Chino,CA,91710",6071
"3984201900","13666 PASEO DEL MAR","El Cajon","CA",92021,-116.891437533,32.8330009596,-116.891822757,32.8327516243,-116.89105018,32.8332491987,NA,"13666 PASEO DEL MAR,El Cajon,CA,92021",6073
"42817506","2806 E SWIFT AVE","FRESNO","CA",93726,-119.777902166,36.7960619607,-119.778005563,36.7959235774,-119.777798755,36.7962002903,"11","2806 E SWIFT AVE,FRESNO,CA,93726",6019
"492331194","10315 STONEHAM ST","Bakersfield","CA",93314,-119.117225298,35.4334588006,-119.117361354,35.4332820704,-119.117089243,35.4336355304,"0101","10315 STONEHAM ST,Bakersfield,CA,93314",6029
"387862055","5800 OPAL VALLEY CT",NA,NA,93306,-118.85571452,35.4064963995,-118.855991993,35.4063153087,-118.855496235,35.4066995934,"0101","5800 OPAL VALLEY CT,NA,NA,93306",6029
"445 015001300","24556 SYBIL AVE","Hayward","CA",94542,-122.07518613,37.6635213362,-122.07550218,37.66333489,-122.074861104,37.6637034407,"1100","24556 SYBIL AVE,Hayward,CA,94542",6001
"11902700720000","4200 ARCHEAN WAY","Sacramento","CA",95823,-121.456495349,38.4759154125,-121.456612443,38.475771534,-121.456377498,38.4760592547,NA,"4200 ARCHEAN WAY,Sacramento,CA,95823",6067
"6022005006","136 E 76th St",NA,"CA",90003,-118.272514005,33.9710191844,-118.272613897,33.9708058288,-118.272414101,33.9712325741,"0200","136 E 76th St,NA,CA,90003",6037
"7174012012","5453 Canehill Ave","Lakewood","CA",90713,-118.111295104,33.856424017,-118.111486419,33.8563508206,-118.111103672,33.856497248,"0101","5453 Canehill Ave,Lakewood,CA,90713",6037
"348070145","4522 ERSKINE CREEK RD",NA,NA,93205,-118.455355547,35.5965520658,-118.456761843,35.5951395871,-118.453929154,35.5980913662,"0106","4522 ERSKINE CREEK RD,NA,NA,93205",6029
"5777009008","441 Drake Rd",NA,"CA",91007,-118.064716639,34.1355262329,-118.064994703,34.1353549972,-118.064424562,34.1356933777,"0101","441 Drake Rd,NA,CA,91007",6037
"8517019025","808 E Lime Ave","Monrovia","CA",91016,-117.988285112,34.1475163968,-117.988410539,34.1473234755,-117.988159276,34.1477095549,"0100","808 E Lime Ave,Monrovia,CA,91016",6037
"2565014146","10130 Commerce Ave","Tujunga","CA",91042,-118.288276094,34.2531280388,-118.288512725,34.2530268852,-118.288039495,34.2532291842,"010C","10130 Commerce Ave,Tujunga,CA,91042",6037
"389181330","8000 KROLL WAY","Bakersfield","CA",93311,-119.093631559,35.3539162583,-119.093745656,35.353857685,-119.093533422,35.353976626,"0600","8000 KROLL WAY,Bakersfield,CA,93311",6029
"20505063","850 SANTA PAULA AVE","Sunnyvale","CA",94085,-122.005990087,37.3932867913,-122.006153006,37.3932107124,-122.005826194,37.3933630059,NA,"850 SANTA PAULA AVE,Sunnyvale,CA,94085",6085
"7541005002","1704 Paseo Del Mar","Palos Verdes Estates","CA",90274,-118.418884378,33.7837830332,-118.41920552,33.7835507963,-118.418562764,33.7840150852,"0101","1704 Paseo Del Mar,Palos Verdes Estates,CA,90274",6037
"012111005","510 NOTTINGHAM DR","Brentwood","CA",94513,-121.701458697,37.9301369614,-121.701678289,37.9300454031,-121.701224094,37.9302480824,NA,"510 NOTTINGHAM DR,Brentwood,CA,94513",6013
"7183034002","5113 E Conant St","Long Beach","CA",90808,-118.133270164,33.8252987159,-118.133404005,33.8251766471,-118.133163743,33.8254786043,"0100","5113 E Conant St,Long Beach,CA,90808",6037
"770031029","78235 DESERT FALL WAY","La Quinta","CA",92253,-116.299047943,33.6810893487,-116.299197566,33.6809344176,-116.298912401,33.6812382084,NA,"78235 DESERT FALL WAY,La Quinta,CA,92253",6065
"4250232700","3541 BRANDYWINE ST","San Diego","CA",92117,-117.208441094,32.805831078,-117.208546232,32.8057310267,-117.208340141,32.80593624,NA,"3541 BRANDYWINE ST,San Diego,CA,92117",6073
"5368024014","410 E Grand Ave","San Gabriel","CA",91776,-118.095179654,34.0914045535,-118.095266351,34.0912004409,-118.095093118,34.0916087101,"0100","410 E Grand Ave,San Gabriel,CA,91776",6037
"3607072","3719 20TH ST","San Francisco","CA",94110,-122.423992828,37.7580901633,-122.424050778,37.7579326856,-122.423934878,37.7582476402,NA,"3719 20TH ST,San Francisco,CA,94110",6075
"6270201035","4643 BEAUMONT DR","Santa Susana","CA",93063,-118.702663835,34.2870268209,-118.702803043,34.2868633738,-118.702538046,34.2872370168,NA,"4643 BEAUMONT DR,Santa Susana,CA,93063",6111
"5829014022","426 W Palm St",NA,"CA",91001,-118.154861069,34.1990494825,-118.155028289,34.1988406299,-118.154694122,34.1992584754,"0100","426 W Palm St,NA,CA,91001",6037
"8730015006","2661 Altamira Dr",NA,"CA",91792,-117.90621691,34.0263798906,-117.906428177,34.0262338707,-117.906022066,34.0265093615,"0101","2661 Altamira Dr,NA,CA,91792",6037
"7178025015","4151 Marber Ave","Lakewood","CA",90713,-118.124743955,33.833847584,-118.124973143,33.8337740272,-118.124514751,33.833921139,"0100","4151 Marber Ave,Lakewood,CA,90713",6037
"022-390-16-1","19355 MACHO RD","Red Bluff","CA",96080,-122.319587939,40.1659339548,-122.321435951,40.1652598001,-122.317288704,40.1667462813,"051","19355 MACHO RD,Red Bluff,CA,96080",6103
"01003900490000","2014 VIZCAYA WALK","Sacramento","CA",95818,-121.48436519,38.564863315,-121.484444347,38.5647654432,-121.484286033,38.5649611868,NA,"2014 VIZCAYA WALK,Sacramento,CA,95818",6067
"1624701100","1630 RAVINE RD","Vista","CA",92083,-117.274707976,33.2007025319,-117.274848954,33.2005273957,-117.274570304,33.2008765616,NA,"1630 RAVINE RD,Vista,CA,92083",6073
"43902070","1758 MARLYN WAY","San Jose","CA",95125,-121.897249915,37.2953614844,-121.897493011,37.2952362396,-121.897003843,37.2954908862,NA,"1758 MARLYN WAY,San Jose,CA,95125",6085
"027 470 04","328 QUAIL DR","Woodland","CA",95695,-121.798953652,38.6942547556,-121.799098845,38.6940571764,-121.798774102,38.6944108831,NA,"328 QUAIL DR,Woodland,CA,95695",6113
"005491008000","1931 CORDELIA DR","Atwater","CA",95301,-120.575180729,37.3420121207,-120.575284551,37.3418607927,-120.575076907,37.3421634483,"101","1931 CORDELIA DR,Atwater,CA,95301",6047
"101162119","11286 POULSEN",NA,NA,91762,-117.691398563,34.0487775089,-117.691548748,34.0485823551,-117.691185533,34.0489799634,"510","11286 POULSEN,NA,NA,91762",6071
"044 498700900","902   92ND AVE","Oakland","CA",94603,-122.181168308,37.7447215826,-122.181342367,37.7445555349,-122.180995349,37.7448874121,"4000","902   92ND AVE,Oakland,CA,94603",6001
"6341700331","3055 IRIS AVE","San Ysidro","CA",92173,-117.067957626,32.5687081832,-117.069094454,32.568311013,-117.066836825,32.5690307644,NA,"3055 IRIS AVE,San Ysidro,CA,92173",6073
"421560035","5972 INDIAN CANYON DR","Banning","CA",92220,-116.942065234,33.9084012096,-116.942199748,33.9082184903,-116.941948797,33.9085558243,NA,"5972 INDIAN CANYON DR,Banning,CA,92220",6065
"027 625 18","24 JOYCE CT","Woodland","CA",95776,-121.73930209,38.6680443411,-121.739583145,38.6678610438,-121.739109584,38.6682032257,NA,"24 JOYCE CT,Woodland,CA,95776",6113
"5484005008","6051 Fayette St","Highland Park","CA",90042,-118.187173192,34.1192538108,-118.18726552,34.1191348439,-118.187080863,34.1193727777,"0100","6051 Fayette St,Highland Park,CA,90042",6037
"445 024003600","1095 CENTRAL BLVD","Hayward","CA",94542,-122.065717749,37.6552430921,-122.06589269,37.6551115894,-122.065531309,37.6553674312,"1100","1095 CENTRAL BLVD,Hayward,CA,94542",6001
"076-200-008","1810 DARBY RD","Freestone","CA",95472,-122.851164689,38.3754876616,-122.852283329,38.3751412853,-122.849920163,38.3760793115,NA,"1810 DARBY RD,Freestone,CA,95472",6097
"0180160060","1372 CRUZERO ST","Ojai","CA",93023,-119.287535775,34.4314800107,-119.287876067,34.4309968992,-119.287180391,34.4320108387,NA,"1372 CRUZERO ST,Ojai,CA,93023",6111
"11909200480000","4717 MAPLEPLAIN AVE","Elk Grove","CA",95758,-121.449334955,38.4330611671,-121.449483409,38.4329028769,-121.449198851,38.433209775,NA,"4717 MAPLEPLAIN AVE,Elk Grove,CA,95758",6067
"8427009021","625 N Mangrove Ave","Covina","CA",91724,-117.860635083,34.0925583975,-117.860778948,34.0924459805,-117.860433601,34.0927345085,"0100","625 N Mangrove Ave,Covina,CA,91724",6037
"2266013088","14106 Dickens St","Sherman Oaks","CA",91423,-118.440405686,34.1478345714,-118.440522371,34.1475401744,-118.440289002,34.1481289678,"010C","14106 Dickens St,Sherman Oaks,CA,91423",6037
"413291013","2982   20TH ST","Hilltop Mall","CA",94806,-122.343898488,37.9735376707,-122.344089235,37.9734334592,-122.343707727,37.9736419148,NA,"2982   20TH ST,Hilltop Mall,CA,94806",6013
"3111024012","41864 Firenze St","Del Sur","CA",93536,-118.205975692,34.6437946482,-118.20642129,34.6436709698,-118.205616988,34.6439271697,"0100","41864 Firenze St,Del Sur,CA,93536",6037
"68512024","4927 RUE BORDEAUX","San Jose","CA",95136,-121.825664108,37.2638046924,-121.82580307,37.2636949207,-121.82552514,37.2639144657,NA,"4927 RUE BORDEAUX,San Jose,CA,95136",6085
"7312001050","3318 Santa Fe Ave",NA,"CA",90810,-118.215127517,33.8175599777,-118.215289994,33.8174562138,-118.214964996,33.8176637526,"0100","3318 Santa Fe Ave,NA,CA,90810",6037
"5676025026","551 E Cypress St","Glendale","CA",91205,-118.248011658,34.1294044733,-118.248187671,34.1292020707,-118.247835814,34.1296064352,"0100","551 E Cypress St,Glendale,CA,91205",6037
"150120037","6074 CREST AVE","Riverside","CA",92503,-117.473103886,33.9436756464,-117.473426076,33.9435435459,-117.472786787,33.9438039881,NA,"6074 CREST AVE,Riverside,CA,92503",6065
"23602450090000","4857 CRESTVIEW DR","Carmichael","CA",95608,-121.3200305,38.6536658961,-121.320268045,38.6535534909,-121.319771888,38.6537848684,NA,"4857 CRESTVIEW DR,Carmichael,CA,95608",6067
"387462003","15167 IRONWOOD ST","Lake Elsinore","CA",92530,-117.386568518,33.6823897625,-117.386720797,33.6822298437,-117.386403551,33.6825492951,NA,"15167 IRONWOOD ST,Lake Elsinore,CA,92530",6065
"5373030028","705 S Gladys Ave",NA,"CA",91776,-118.089995797,34.0940166717,-118.090246629,34.0938779123,-118.089745318,34.0941552933,"2900","705 S Gladys Ave,NA,CA,91776",6037
"1853683741","8858 LAWRENCE WELK DR","Escondido","CA",92026,-117.144665273,33.2373481161,-117.145164205,33.2364388294,-117.143997784,33.2381526139,NA,"8858 LAWRENCE WELK DR,Escondido,CA,92026",6073
"513 047705400","41993 VIA SAN LUIS REY","Fremont","CA",94539,-121.930168707,37.5412360836,-121.930388323,37.5410484544,-121.929948653,37.5414236776,"1100","41993 VIA SAN LUIS REY,Fremont,CA,94539",6001
"11513300410000","8739 MESA BROOK WAY","Elk Grove","CA",95624,-121.384578255,38.4399434765,-121.384801728,38.439880644,-121.384355284,38.4400062244,NA,"8739 MESA BROOK WAY,Elk Grove,CA,95624",6067
"6145016025","1309 W 136th St",NA,"CA",90222,-118.248457497,33.9082393981,-118.248542057,33.9080997663,-118.248372932,33.9083790027,"0100","1309 W 136th St,NA,CA,90222",6037
"2354012075","11531 Riverside Dr","North Hollywood","CA",91602,-118.383020497,34.1579637203,-118.383269675,34.157770409,-118.382773249,34.1581556484,"010C","11531 Riverside Dr,North Hollywood,CA,91602",6037
"1030402100","655 DE LUZ RD","Fallbrook","CA",92028,-117.252030875,33.3875011759,-117.252295958,33.38741523,-117.251765133,33.3875869811,NA,"655 DE LUZ RD,Fallbrook,CA,92028",6073
"032020455","1150 4TH ST","Taft","CA",93268,-119.452468119,35.1501702867,-119.452863196,35.149864024,-119.452071429,35.1505122449,"1708","1150 4TH ST,Taft,CA,93268",6029
"4420027000","13741 SKI VIEW LOOP","Truckee","CA",96161,-120.238242171,39.3538929097,-120.238630381,39.3536850572,-120.237869533,39.3541106713,NA,"13741 SKI VIEW LOOP,Truckee,CA,96161",6057
"6411323300","705 COOPER RD","Chula Vista","CA",91911,-117.022826532,32.6134451078,-117.022916432,32.6133238048,-117.02272252,32.6135707007,NA,"705 COOPER RD,Chula Vista,CA,91911",6073
"031-073-028-000","6620 CHILI HILL RD","Newcastle","CA",95658,-121.180605673,38.9029720954,-121.181359128,38.9026216121,-121.180015853,38.9034601234,"01","6620 CHILI HILL RD,Newcastle,CA,95658",6061
"058082004000","3159 SACRAMENTO DR","Merced","CA",95348,-120.499156176,37.3202144262,-120.499331708,37.3201216424,-120.498974503,37.3203166053,"101","3159 SACRAMENTO DR,Merced,CA,95348",6047
"360500011","30848 MIRAGE CIR","Menifee","CA",92584,-117.19222719,33.6723337631,-117.192427264,33.6722512243,-117.192026852,33.6724166371,NA,"30848 MIRAGE CIR,Menifee,CA,92584",6065
"368170002","20759 COMO ST","Wildomar","CA",92595,-117.285069117,33.6151645834,-117.285614871,33.6146172681,-117.284523176,33.6157113014,NA,"20759 COMO ST,Wildomar,CA,92595",6065
"048215321","17844 CANYON MEADOW RD",NA,NA,92395,-117.274127496,34.4808497308,-117.27427704,34.4806748386,-117.27393874,34.4810416078,"510","17844 CANYON MEADOW RD,NA,NA,92395",6071
"030482012","9650 Las Lomas Ave","Atascadero","CA",93422,-120.647180296,35.4660580602,-120.647517407,35.4659451672,-120.646843185,35.4664580009,NA,"9650 Las Lomas Ave,Atascadero,CA,93422",6079
"5074030012","2039 S La Salle Ave","Los Angeles","CA",90018,-118.304246206,34.0379072733,-118.304503303,34.0376938393,-118.303989107,34.0381207048,"0200","2039 S La Salle Ave,Los Angeles,CA,90018",6037
"125-342-014","1053 ODELL LN","Santa Rosa","CA",95407,-122.729742123,38.4220800223,-122.729893812,38.4219234994,-122.729587478,38.4222368745,NA,"1053 ODELL LN,Santa Rosa,CA,95407",6097
"2353004023","5107 Lankershim Blvd","North Hollywood","CA",91601,-118.374213328,34.1631740494,-118.3746513,34.1630463686,-118.373697952,34.163310024,"2600","5107 Lankershim Blvd,North Hollywood,CA,91601",6037
"424112068","326 MADISON ST","Delano","CA",93215,-119.239567358,35.7605275544,-119.239744891,35.7604558137,-119.239389822,35.7605992945,"0101","326 MADISON ST,Delano,CA,93215",6029
"7467012022","3622 S Gaffey St","San Pedro","CA",90731,-118.292647137,33.7108444819,-118.292729503,33.7106684793,-118.292564771,33.7110204843,"0200","3622 S Gaffey St,San Pedro,CA,90731",6037
"083-020-066","7561 TRENTON RD","Forestville","CA",95436,-122.877003562,38.4891231295,-122.877625269,38.4878416433,-122.876207818,38.4905665719,NA,"7561 TRENTON RD,Forestville,CA,95436",6097
"004480046","5711 BEAVER LN","Discovery Bay","CA",94505,-121.588435466,37.9143765008,-121.588616537,37.914150567,-121.588293803,37.9145399833,NA,"5711 BEAVER LN,Discovery Bay,CA,94505",6013
"2844008010","17939 Wellhaven St","Canyon Country","CA",91387,-118.446811038,34.4178951731,-118.446921956,34.4177350791,-118.446700247,34.4180549254,"0100","17939 Wellhaven St,Canyon Country,CA,91387",6037
"147480024","1079 MOHR LN","Concord","CA",94518,-122.047337537,37.9449364294,-122.047396344,37.944853561,-122.04728413,37.9450039673,NA,"1079 MOHR LN,Concord,CA,94518",6013
"06704501060000","11779 JUSTINIAN DR","Rancho Cordova","CA",95742,-121.239074818,38.5395798342,-121.239172997,38.5394218359,-121.23897664,38.5397378326,NA,"11779 JUSTINIAN DR,Rancho Cordova,CA,95742",6067
"7480025008","361 Marilla Ave",NA,"CA",90704,-118.331822208,33.3438585523,-118.331960527,33.3437591312,-118.331676478,33.3439594924,"0100","361 Marilla Ave,NA,CA,90704",6037
"145061052","7980 GALWAY CT","Riverside","CA",92503,-117.460317755,33.9304354895,-117.460473141,33.9302213873,-117.460180375,33.9305875903,NA,"7980 GALWAY CT,Riverside,CA,92503",6065
"8291036064","3253 White Cloud Dr",NA,"CA",91745,-117.976610718,33.979786239,-117.976759959,33.979608701,-117.976458141,33.9799496395,"0100","3253 White Cloud Dr,NA,CA,91745",6037
"2841031037","18015 Marabou Pl","Canyon Cntry","CA",91387,-118.453179374,34.3993830978,-118.453345138,34.3992250645,-118.453013473,34.3995411059,"0100","18015 Marabou Pl,Canyon Cntry,CA,91387",6037
"2059044012","2625 Grandoaks Dr",NA,"CA",91361,-118.842094048,34.133625965,-118.842286395,34.1334617592,-118.841888371,34.1337848172,"010D","2625 Grandoaks Dr,NA,CA,91361",6037
"47711035","851 ROBERTS PL","San Jose","CA",95122,-121.858371208,37.3279842048,-121.858518723,37.3278687407,-121.858224063,37.3281092606,NA,"851 ROBERTS PL,San Jose,CA,95122",6085
"09812018","1560 BIG OAK RD","Placerville","CA",95667,-120.779120424,38.6740002753,-120.779832774,38.6733264452,-120.778559857,38.6751686124,"22","1560 BIG OAK RD,Placerville,CA,95667",6017
"4265015135","11849 Mayfield Ave","Los Angeles","CA",90049,-118.466680195,34.0497242663,-118.467042032,34.0494521343,-118.466310213,34.0499713762,"010E","11849 Mayfield Ave,Los Angeles,CA,90049",6037
"5275004137","345 Ridge Terrace Ln","Montebello","CA",90640,-118.094754979,34.0390663682,-118.095816885,34.0384207727,-118.093697386,34.0397635805,"010C","345 Ridge Terrace Ln,Montebello,CA,90640",6037
"1606217800","504 LEXINGTON CIR","Oceanside","CA",92057,-117.31078259,33.2214363487,-117.310950552,33.2212608648,-117.310601345,33.2216108422,NA,"504 LEXINGTON CIR,Oceanside,CA,92057",6073
"41420044","2926 UNION AVE","San Jose","CA",95124,-121.93112979,37.26874868,-121.931340221,37.2686581087,-121.930926015,37.2688458046,NA,"2926 UNION AVE,San Jose,CA,95124",6085
"0830068000","118 CARPENTER ST","Grass Valley","CA",95945,-121.069088256,39.2203595971,-121.069346475,39.2201441198,-121.068830327,39.2205729993,NA,"118 CARPENTER ST,Grass Valley,CA,95945",6057
"22704800010000","256 AMERICAN RIVER CANYON DR","Folsom","CA",95630,-121.190385634,38.7105869958,-121.190724241,38.7103265746,-121.190063302,38.7109280787,NA,"256 AMERICAN RIVER CANYON DR,Folsom,CA,95630",6067
"034441246","1910 18TH AVE","Delano","CA",93215,-119.229082304,35.77892628,-119.229169147,35.778778954,-119.22899546,35.7790736031,"0101","1910 18TH AVE,Delano,CA,93215",6029
"27102930030000","2525 LANDWOOD WAY","Carmichael","CA",95608,-121.352452042,38.6115874741,-121.352678193,38.6114745912,-121.352225802,38.6117003724,NA,"2525 LANDWOOD WAY,Carmichael,CA,95608",6067
"58619050","1565 SIERRA CREEK WAY","San Jose","CA",95132,-121.855052875,37.4093226359,-121.855304098,37.4091909791,-121.854807817,37.409478411,NA,"1565 SIERRA CREEK WAY,San Jose,CA,95132",6085
"1226164000","14221 BERTINO RD","Grass Valley","CA",95945,-120.972500299,39.1743012727,-120.972804027,39.1740536949,-120.97201112,39.1746987857,NA,"14221 BERTINO RD,Grass Valley,CA,95945",6057
"070 016700400","2510 EAGLE AVE","Alameda","CA",94501,-122.236794953,37.767449015,-122.237046076,37.7671910697,-122.236543839,37.7677069714,"2600","2510 EAGLE AVE,Alameda,CA,94501",6001
"011200037","1015 TERRACE WAY","Bakersfield","CA",93304,-119.013587665,35.3501048173,-119.013710334,35.3498717633,-119.013343572,35.3502481776,"0101","1015 TERRACE WAY,Bakersfield,CA,93304",6029
"1300101125","1920 MONTGOMERY AVE","Ventura","CA",93004,-119.175359034,34.2607891818,-119.175403098,34.2607546148,-119.175315481,34.260824026,NA,"1920 MONTGOMERY AVE,Ventura,CA,93004",6111
"6207033023","10514 Stanford Ave","South Gate","CA",90280,-118.221202264,33.9392876619,-118.221397996,33.9392097474,-118.221006657,33.93936567,"0100","10514 Stanford Ave,South Gate,CA,90280",6037
"30033007","2014 MOKELUMNE DR EAST","Arnold",NA,95223,-120.336550702,38.2279901456,-120.336887317,38.2278487055,-120.336220723,38.2281311421,"1100","2014 MOKELUMNE DR EAST,Arnold,NA,95223",6009
"7075021010","8031 E Ring St",NA,"CA",90808,-118.073537503,33.8225145681,-118.073679356,33.8223458475,-118.073395415,33.8226836643,"0100","8031 E Ring St,NA,CA,90808",6037
"646200005","78132 LAGO DR","La Quinta","CA",92253,-116.301098917,33.6864036213,-116.301237196,33.6862732117,-116.300961309,33.6865333055,NA,"78132 LAGO DR,La Quinta,CA,92253",6065
"260063017","10293 VIA PASTORAL","Moreno Valley","CA",92557,-117.256186512,33.9714808242,-117.256282285,33.9713127557,-117.256031429,33.9716474153,NA,"10293 VIA PASTORAL,Moreno Valley,CA,92557",6065
"06708100260000","4080 PRESERVE WAY","Rancho Cordova","CA",95742,-121.208687346,38.5552181138,-121.20887729,38.5550766523,-121.208497402,38.5553595756,NA,"4080 PRESERVE WAY,Rancho Cordova,CA,95742",6067
"025440028000","2460 SAGE CANYON RD","Saint Helena","CA",94574,-122.325862908,38.5031739463,-122.332033045,38.4966911654,-122.320747128,38.5086958177,"39","2460 SAGE CANYON RD,Saint Helena,CA,94574",6055
"41008509","6537 N BARTON AVE","FRESNO","CA",93710,-119.749483444,36.8308357607,-119.749654662,36.8307516296,-119.749312236,36.8309198902,"11","6537 N BARTON AVE,FRESNO,CA,93710",6019
"136-382-006","1629 PUTNAM WAY","Petaluma","CA",94954,-122.611479463,38.2482851214,-122.611667036,38.2481237424,-122.611292027,38.2484464925,NA,"1629 PUTNAM WAY,Petaluma,CA,94954",6097
"3783920900","10351 STRATHMORE DR","Santee","CA",92071,-117.004973363,32.8662749289,-117.005184783,32.8661207768,-117.004758568,32.8664289902,NA,"10351 STRATHMORE DR,Santee,CA,92071",6073
"5813019012","4367 Shepherds Ln","Flintridge","CA",91011,-118.207702444,34.2031197371,-118.20800522,34.2028693605,-118.207465196,34.2033625685,"0101","4367 Shepherds Ln,Flintridge,CA,91011",6037
"022022099","1209 ANTONIA WAY","Bakersfield","CA",93304,-119.015786048,35.3310376183,-119.015882255,35.3308879605,-119.015689579,35.3311871246,"0101","1209 ANTONIA WAY,Bakersfield,CA,93304",6029
"2712024004","17544 Tribune St","Granada Hills","CA",91344,-118.516997381,34.2670411443,-118.51708662,34.2668619985,-118.516908143,34.2672202763,"0100","17544 Tribune St,Granada Hills,CA,91344",6037
"5341430200","1159 24TH ST","San Diego","CA",92102,-117.142238017,32.7175875556,-117.142402865,32.7175252837,-117.142072907,32.7176489576,NA,"1159 24TH ST,San Diego,CA,92102",6073
"015-120-055-000","22 ELISHA CT","Chico","CA",95973,-121.842703673,39.7688499065,-121.842785803,39.7686792337,-121.842621544,39.7690205776,"RS","22 ELISHA CT,Chico,CA,95973",6007
"22300420430000","9313 ORANGEVALE AVE","Orangevale","CA",95662,-121.205878935,38.682149282,-121.205992436,38.6818758204,-121.205768366,38.6824251828,NA,"9313 ORANGEVALE AVE,Orangevale,CA,95662",6067
"032440042","557 FRONT ST","Taft","CA",93268,-119.461789783,35.1380120118,-119.461894954,35.1379474255,-119.461682829,35.1380801103,"0600","557 FRONT ST,Taft,CA,93268",6029
"1583830100","4448 SILVER BIRCH WAY","Oceanside","CA",92057,-117.308080737,33.2353151905,-117.30821669,33.2352328625,-117.307911365,33.2354025754,NA,"4448 SILVER BIRCH WAY,Oceanside,CA,92057",6073
"6430040065","2187 RUDOLPH DR","Simi Valley","CA",93065,-118.75435538,34.2524335878,-118.755427728,34.2517438918,-118.753451341,34.2527687939,NA,"2187 RUDOLPH DR,Simi Valley,CA,93065",6111
"525473278","10802 LEWELLING ST","Bakersfield","CA",93312,-119.121906005,35.4130699076,-119.122148825,35.4129021289,-119.121748263,35.4132875655,"0101","10802 LEWELLING ST,Bakersfield,CA,93312",6029
"02500220180000","1449 32ND AVE","Sacramento","CA",95822,-121.502866203,38.5240345342,-121.502978492,38.5238951774,-121.502752916,38.5241735647,NA,"1449 32ND AVE,Sacramento,CA,95822",6067
"966352004","34042 OPUS ONE CT","Temecula","CA",92592,-117.065615429,33.4735868625,-117.065747545,33.4734303424,-117.065443545,33.4737627107,NA,"34042 OPUS ONE CT,Temecula,CA,92592",6065
"3064403100","7823 CHADAMY WAY",NA,NA,92129,-117.155581072,32.9701001789,-117.155673494,32.9699450468,-117.155488544,32.9702491183,NA,"7823 CHADAMY WAY,NA,NA,92129",6073
"8265013014","2453 Cuatro Dr",NA,"CA",91748,-117.912824955,33.9753663479,-117.913167038,33.9752251191,-117.912559035,33.9755467991,"0100","2453 Cuatro Dr,NA,CA,91748",6037
"272252022","7334 GOLDBORO LN","Riverside","CA",92506,-117.327897887,33.9179313764,-117.328073408,33.9178593271,-117.327721775,33.9180037788,NA,"7334 GOLDBORO LN,Riverside,CA,92506",6065
"561221007","580 SANFORD AVE","N Richmond","CA",94801,-122.363256819,37.9517264279,-122.363338608,37.9515518681,-122.363164797,37.9518648116,NA,"580 SANFORD AVE,N Richmond,CA,94801",6013
"155103006","9780 ALTADENA DR","Riverside","CA",92503,-117.473472379,33.9556567239,-117.473598288,33.9555195486,-117.473345154,33.9557929053,NA,"9780 ALTADENA DR,Riverside,CA,92503",6065
"436483002","2106 WILD THYME PL","San Jacinto","CA",92582,-117.002401306,33.773873246,-117.002518957,33.7737218382,-117.00228363,33.7740245541,NA,"2106 WILD THYME PL,San Jacinto,CA,92582",6065
"5477012044","4819 Mendota Ave","Highland Park","CA",90042,-118.211284124,34.1178305294,-118.211398248,34.1176388308,-118.211170001,34.1180222178,"0100","4819 Mendota Ave,Highland Park,CA,90042",6037
"149-352-031","1714 CAPELLA CT","Petaluma","CA",94954,-122.635872238,38.263875041,-122.636053939,38.2637189332,-122.63567294,38.2640362712,NA,"1714 CAPELLA CT,Petaluma,CA,94954",6097
"048222321","12565 FOXTAIL LN",NA,NA,92395,-117.270323699,34.479689131,-117.270478797,34.4795019497,-117.270055465,34.4798780571,"510","12565 FOXTAIL LN,NA,NA,92395",6071
"4072001006","14509 Cordary Ave","Hawthorne","CA",90250,-118.34262091,33.8999536113,-118.34274165,33.8997942053,-118.342487828,33.9001215602,"0100","14509 Cordary Ave,Hawthorne,CA,90250",6037
"29326019","2818 STEINHART CT","Santa Clara","CA",95051,-121.976628253,37.3355431903,-121.976815331,37.3353710685,-121.976474364,37.3357242567,NA,"2818 STEINHART CT,Santa Clara,CA,95051",6085
"7576020022","26036 Marina Dr","Rllng Hls Est","CA",90274,-118.362279644,33.7901333522,-118.362545747,33.7898588967,-118.362121209,33.7903362792,"0100","26036 Marina Dr,Rllng Hls Est,CA,90274",6037
"1293904200","9715 CIRCLE R DR",NA,NA,92026,-117.12353645,33.2679795063,-117.124409527,33.2676477835,-117.122747554,33.2683611735,NA,"9715 CIRCLE R DR,NA,NA,92026",6073
"4394323710","4654 33RD ST","San Diego","CA",92116,-117.123168604,32.7625224381,-117.123370004,32.7623147738,-117.122967227,32.7627301246,NA,"4654 33RD ST,San Diego,CA,92116",6073
"5769009034","701 Carriage House Dr",NA,"CA",91006,-118.054354704,34.1520671804,-118.054656761,34.1518687574,-118.054078125,34.1522244959,"0101","701 Carriage House Dr,NA,CA,91006",6037
"108231008","315 MAIDU DR","Chester","CA",96020,-121.200467973,40.2392294801,-121.200686949,40.2389745791,-121.200249849,40.2394823502,NA,"315 MAIDU DR,Chester,CA,96020",6063
"753140067","82455 AVENUE",NA,NA,92274,-116.227126832,33.5770181331,-116.229721619,33.5764687187,-116.224802041,33.5775565693,NA,"82455 AVENUE,NA,NA,92274",6065
"101-240-003","4142 E MEADOW AVE","Visalia","CA",93292,-119.246345755,36.3215112692,-119.246448877,36.3213733001,-119.246242634,36.3216492382,NA,"4142 E MEADOW AVE,Visalia,CA,93292",6107
"362394016","322 GRENADINE WAY","Hercules","CA",94547,-122.230163826,37.9905774424,-122.230355088,37.9904331845,-122.229975221,37.9907159192,NA,"322 GRENADINE WAY,Hercules,CA,94547",6013
"5312801100","3339 BYRON ST","San Diego","CA",92106,-117.234758954,32.7245959471,-117.234921195,32.7244454943,-117.234596391,32.7247467072,NA,"3339 BYRON ST,San Diego,CA,92106",6073
"089-440-067","1240 Eastbrook Dr","Lompoc","CA",93436,-120.462310064,34.6587034264,-120.462495005,34.6586324489,-120.462133728,34.6587732252,"0100","1240 Eastbrook Dr,Lompoc,CA,93436",6083
"0730054020","916 POLI ST","Ventura","CA",93001,-119.286685851,34.2818894674,-119.28675282,34.2817326369,-119.28661888,34.2820462755,NA,"916 POLI ST,Ventura,CA,93001",6111
"005-193-015","1135 SAINT VINCENT CT","Petaluma","CA",94954,-122.606341023,38.2366194679,-122.606534353,38.2364756429,-122.606148037,38.2367811068,NA,"1135 SAINT VINCENT CT,Petaluma,CA,94954",6097
"20310101180000","4041 GREY LIVERY WAY","Antelope","CA",95843,-121.369348934,38.7185793953,-121.369428772,38.7184240479,-121.369270815,38.7187364808,NA,"4041 GREY LIVERY WAY,Antelope,CA,95843",6067
"426181001","1099 MANOR RD","El Sobrante","CA",94803,-122.306304793,37.9823376395,-122.306413253,37.9820694046,-122.306196502,37.982604277,NA,"1099 MANOR RD,El Sobrante,CA,94803",6013
"40621112","2466 W STUART AVE","FRESNO","CA",93711,-119.836892609,36.8255609935,-119.837098018,36.8253204228,-119.836687201,36.8258015633,"11","2466 W STUART AVE,FRESNO,CA,93711",6019
"3315002000","18784 LAKE FOREST DR","Penn Valley","CA",95946,-121.200836592,39.2204883843,-121.200982573,39.2202803941,-121.200676157,39.2207075798,NA,"18784 LAKE FOREST DR,Penn Valley,CA,95946",6057
"017227105","410 S ASH ST","Redlands","CA",92373,-117.188431971,34.0442641039,-117.188630565,34.044119017,-117.188233378,34.0444091911,"510","410 S ASH ST,Redlands,CA,92373",6071
"2036006001","23251 Mobile St","West Hills","CA",91307,-118.632746075,34.1884194919,-118.632842678,34.188247303,-118.632649824,34.1885888469,"0100","23251 Mobile St,West Hills,CA,91307",6037
"385411020","6600 MCDIVITT DR","Bakersfield","CA",93313,-119.076425742,35.3149508421,-119.07680658,35.3145224106,-119.076050049,35.3152831779,"3100","6600 MCDIVITT DR,Bakersfield,CA,93313",6029
"31059135","7047 E DAYTON AVE","FRESNO","CA",93737,-119.662916319,36.7821850805,-119.662993488,36.7820234824,-119.662839098,36.782346678,"11","7047 E DAYTON AVE,FRESNO,CA,93737",6019
"083252106","212 WOODLAND DR","Wofford Heights","CA",93285,-118.458226238,35.7096990049,-118.458374018,35.7094717009,-118.458070742,35.7099007269,"0101","212 WOODLAND DR,Wofford Heights,CA,93285",6029
"001241001","1789 San Luis Dr","San Luis Obispo","CA",93401,-120.649606076,35.2872477691,-120.649829365,35.2870795611,-120.64938669,35.2873978173,NA,"1789 San Luis Dr,San Luis Obispo,CA,93401",6079
"2532024009","11276 Bromont Ave","Hansen Hills","CA",91331,-118.399118527,34.2753446555,-118.399322524,34.2751753452,-118.398911575,34.2755136912,"0101","11276 Bromont Ave,Hansen Hills,CA,91331",6037
"015-180-008","105 Terrace Vista Ln","Santa Barbara","CA",93103,-119.674164373,34.4282196972,-119.674389814,34.4280185793,-119.673924585,34.4284152469,"0100","105 Terrace Vista Ln,Santa Barbara,CA,93103",6083
"2183722200","1257 CORTE FAMOSA","San Marcos","CA",92069,-117.188649886,33.1564654335,-117.188717449,33.1563260766,-117.188583669,33.1566132409,NA,"1257 CORTE FAMOSA,San Marcos,CA,92069",6073
"025-120-030","13920 AVENUE 416","Orosi","CA",93647,-119.261770985,36.5447166142,-119.261872764,36.5445178623,-119.261669475,36.5449154317,NA,"13920 AVENUE 416,Orosi,CA,93647",6107
"13213300430000","7200 ACKLEY DR","Elk Grove","CA",95757,-121.419654602,38.4024494838,-121.419773192,38.4022893258,-121.419536012,38.402609641,NA,"7200 ACKLEY DR,Elk Grove,CA,95757",6067
"017240146","733 SHERWOOD ST","Redlands","CA",92373,-117.190211209,34.0361828538,-117.190459716,34.0360166929,-117.18994333,34.036343882,"510","733 SHERWOOD ST,Redlands,CA,92373",6071
"2234902500","1454 GOLDEN SUNSET DR","San Marcos","CA",92078,-117.204366728,33.0985770185,-117.204505121,33.0984030256,-117.20423147,33.0987519618,NA,"1454 GOLDEN SUNSET DR,San Marcos,CA,92078",6073
"454 000500600","25673 ELDRIDGE AVE","Hayward","CA",94544,-122.091034225,37.6466121897,-122.091225601,37.6464760801,-122.090849774,37.6467794963,"1100","25673 ELDRIDGE AVE,Hayward,CA,94544",6001
"3972321100","9105 BUBBLING WELLS RD","Lakeside","CA",92040,-116.9003936,32.8411091941,-116.900591467,32.8410092477,-116.900195323,32.841209204,NA,"9105 BUBBLING WELLS RD,Lakeside,CA,92040",6073
"058801208","7329 VICTORIA AVE","Yucca Valley","CA",92284,-116.399118314,34.1201781382,-116.399342364,34.1199922981,-116.39889554,34.1203658796,"510","7329 VICTORIA AVE,Yucca Valley,CA,92284",6071
"2601061001","12541 Bradford Pl","Granada Hills","CA",91344,-118.518079732,34.2961635761,-118.518350932,34.2958794684,-118.517863211,34.2964356064,"0100","12541 Bradford Pl,Granada Hills,CA,91344",6037
"8269019028","2967 Blakeman Ave",NA,"CA",91748,-117.892833443,33.9673043469,-117.893021696,33.9671943438,-117.892646029,33.9674155866,"0101","2967 Blakeman Ave,NA,CA,91748",6037
"073 038701900","1612 CHAPIN ST","Alameda","CA",94501,-122.267541048,37.7754250819,-122.267804066,37.7753441587,-122.267277979,37.775504988,"2500","1612 CHAPIN ST,Alameda,CA,94501",6001
"2826076037","26047 Bates Pl","Stevenson Ranch","CA",91381,-118.592826519,34.3955041527,-118.593053898,34.39533742,-118.592595892,34.3956734631,"0101","26047 Bates Pl,Stevenson Ranch,CA,91381",6037
"1530914900","1621 S PACIFIC ST","Oceanside","CA",92054,-117.367874063,33.1754737107,-117.368211264,33.1752543732,-117.367536045,33.1756939385,NA,"1621 S PACIFIC ST,Oceanside,CA,92054",6073
"02001620100000","4110 47TH ST","Sacramento","CA",95820,-121.451899807,38.5372483399,-121.452050578,38.5371578757,-121.451749617,38.5373389198,NA,"4110 47TH ST,Sacramento,CA,95820",6067
"122-125-008","1017 W HARTER AVE","Visalia","CA",93277,-119.302354183,36.3117305125,-119.302470833,36.3115485987,-119.302237533,36.3119124272,NA,"1017 W HARTER AVE,Visalia,CA,93277",6107
"0780202040","57 GLEN ELLEN DR","Ventura","CA",93003,-119.246378849,34.2745564772,-119.246590208,34.2744543081,-119.246167525,34.2746586465,NA,"57 GLEN ELLEN DR,Ventura,CA,93003",6111
"330302010","1879 PENASCO GRANDE ST","Perris","CA",92570,-117.238451528,33.7669477551,-117.238569323,33.76676931,-117.2383333,33.7671289491,NA,"1879 PENASCO GRANDE ST,Perris,CA,92570",6065
"2314510700","2726 JODY PL","Escondido","CA",92027,-117.036572257,33.1401611606,-117.036913952,33.1399462861,-117.036238549,33.1404052858,NA,"2726 JODY PL,Escondido,CA,92027",6073
"155370064","1852 OLYMPIC DR","Martinez","CA",94553,-122.08826333,37.9868225667,-122.088405101,37.9866623804,-122.088044065,37.9869523648,NA,"1852 OLYMPIC DR,Martinez,CA,94553",6013
"6115029015","1003 W 133rd St","Gardena","CA",90247,-118.292093013,33.9121018408,-118.29218437,33.9119618331,-118.291998026,33.9122359543,"0100","1003 W 133rd St,Gardena,CA,90247",6037
"8343001018","1355 S Garey Ave",NA,"CA",91766,-117.750091773,34.0466901696,-117.750279873,34.0466161628,-117.749903797,34.0467641754,"1900","1355 S Garey Ave,NA,CA,91766",6037
"5729007009","1435 N Marengo Ave","Pasadena","CA",91103,-118.146499137,34.1705022837,-118.146755815,34.1704101078,-118.14624212,34.1705941201,"0100","1435 N Marengo Ave,Pasadena,CA,91103",6037
"201490398","1188 PORT CT","Mc Farland","CA",93250,-119.232843289,35.6636096955,-119.233141562,35.66354418,-119.232636495,35.663686552,"0101","1188 PORT CT,Mc Farland,CA,93250",6029
"227073009","4213 CANTERBURY RD","Riverside","CA",92504,-117.42609722,33.9416281179,-117.42634036,33.9414524829,-117.425853699,33.9418035692,NA,"4213 CANTERBURY RD,Riverside,CA,92504",6065
"035021044000","106 MOUNTAIN BLVD",NA,NA,93546,-118.976385203,37.6500005625,-118.976424031,37.6499416516,-118.976346372,37.6500594717,"C","106 MOUNTAIN BLVD,NA,NA,93546",6051
"5733912300","150 KEARNEY ST","Chula Vista","CA",91910,-117.067705963,32.6271891334,-117.067874601,32.6269754332,-117.067536042,32.6274035872,NA,"150 KEARNEY ST,Chula Vista,CA,91910",6073
"2183811900","1408 CORTE CLASICA","San Marcos","CA",92069,-117.189508677,33.1624658249,-117.189646239,33.1623075809,-117.189401119,33.1626509738,NA,"1408 CORTE CLASICA,San Marcos,CA,92069",6073
"2203002005","7655 Ostrom Ave","Van Nuys","CA",91406,-118.507965142,34.2100976097,-118.508188491,34.2100162896,-118.50774178,34.210178916,"0100","7655 Ostrom Ave,Van Nuys,CA,91406",6037
"4161202100","1334 OPAL ST","San Diego","CA",92109,-117.248563198,32.8083959666,-117.248687561,32.8082165023,-117.248439759,32.8085747606,NA,"1334 OPAL ST,San Diego,CA,92109",6073
"6330019136","6366 Gage Ave",NA,"CA",90201,-118.148902619,33.9731727153,-118.149597048,33.9723904806,-118.148207328,33.9738817388,"010C","6366 Gage Ave,NA,CA,90201",6037
"573140017","56892 VOLKMANN RD","Anza","CA",92539,-116.665434774,33.5740044756,-116.665919731,33.5735609688,-116.664954489,33.5744447664,NA,"56892 VOLKMANN RD,Anza,CA,92539",6065
"314172180","24130 SAN JUAN DR","Tehachapi","CA",93561,-118.627142064,35.1686515925,-118.627898936,35.1681225751,-118.626421246,35.169225123,"0106","24130 SAN JUAN DR,Tehachapi,CA,93561",6029
"394262125","9711 RANCHO VERDE DR","Bakersfield","CA",93311,-119.110746082,35.3197104028,-119.110844382,35.3195574703,-119.110647772,35.3198633424,"0101","9711 RANCHO VERDE DR,Bakersfield,CA,93311",6029
"7278023151","730 W 4th St","Long Beach","CA",90802,-118.201475293,33.7713099934,-118.201734452,33.7710279678,-118.201216044,33.7715921055,"010C","730 W 4th St,Long Beach,CA,90802",6037
"1694733800","5251 VIA DEL S",NA,NA,92056,-117.253633427,33.1658692853,-117.256225703,33.1652282551,-117.252769335,33.167616989,NA,"5251 VIA DEL S,NA,NA,92056",6073
"4315015111","10305 Almayo Ave","Los Angeles","CA",90064,-118.414581217,34.0492107072,-118.414911901,34.048946818,-118.414250243,34.0494744725,"010C","10305 Almayo Ave,Los Angeles,CA,90064",6037
"31340002","1680 QUAIL AVE","Sunnyvale","CA",94087,-122.005110753,37.3381750089,-122.005299583,37.3380815848,-122.004921924,37.338268433,NA,"1680 QUAIL AVE,Sunnyvale,CA,94087",6085
"40312113","8572 N ROWELL AVE","FRESNO","CA",93720,-119.754029154,36.8606776477,-119.754231681,36.8605851906,-119.753869262,36.8608053201,"11","8572 N ROWELL AVE,FRESNO,CA,93720",6019
"5700014745","1985 MEADOW BROOK CT","Thousand Oaks","CA",91362,-118.842406254,34.2133881092,-118.842519204,34.2132267908,-118.842292903,34.2135492407,NA,"1985 MEADOW BROOK CT,Thousand Oaks,CA,91362",6111
"5840641400","1000 GILLESPIE DR","Spring Valley","CA",91977,-117.007691756,32.712394644,-117.007861005,32.7122789353,-117.007519821,32.712521677,NA,"1000 GILLESPIE DR,Spring Valley,CA,91977",6073
"2639003010","8760 Tilden Ave","Panorama City","CA",91402,-118.448538854,34.2290318533,-118.448751565,34.2289292366,-118.448340399,34.229167543,"0200","8760 Tilden Ave,Panorama City,CA,91402",6037
"099 131102300","2367 WEDGEWOOD WAY","Livermore","CA",94550,-121.776600696,37.6558934168,-121.776840295,37.6557390409,-121.776361746,37.6560490277,"1100","2367 WEDGEWOOD WAY,Livermore,CA,94550",6001
"102011326","13079 BASSWOOD AVE","Chino","CA",91710,-117.673949963,34.0161826885,-117.674120914,34.0160832929,-117.673782078,34.0162838945,"510","13079 BASSWOOD AVE,Chino,CA,91710",6071
"7107010016","16409 Hayter Ave","Bellflower","CA",90706,-118.1468272,33.8853057434,-118.14699382,33.8852316758,-118.146660372,33.8853795832,"0100","16409 Hayter Ave,Bellflower,CA,90706",6037
"66562010","8791 GRAPE WAGON CIR","San Jose","CA",95135,-121.740108719,37.2869712445,-121.740179628,37.2869013573,-121.740035698,37.2870444416,NA,"8791 GRAPE WAGON CIR,San Jose,CA,95135",6085
"223160098","1812 BAROSSA DR","San Ramon","CA",94582,-121.902701253,37.7634494324,-121.902794107,37.7633289112,-121.902611761,37.7635732874,NA,"1812 BAROSSA DR,San Ramon,CA,94582",6013
"6352026062","924 S 5th St",NA,"CA",90640,-118.112582634,33.9938536837,-118.112768045,33.9937312866,-118.112396878,33.9939762673,"0400","924 S 5th St,NA,CA,90640",6037
"48638022","2227 AMADOR DR","San Jose","CA",95122,-121.833176554,37.3458001797,-121.8333442,37.3456379166,-121.833010206,37.345963406,NA,"2227 AMADOR DR,San Jose,CA,95122",6085
"033825148","24051 ALTDORF DR",NA,NA,92325,-117.278495445,34.236724969,-117.278878768,34.2364165023,-117.278160591,34.2370152318,"510","24051 ALTDORF DR,NA,NA,92325",6071
"7278021172","535 Magnolia Ave",NA,"CA",90802,-118.198427711,33.7737369812,-118.198708398,33.7734541862,-118.19814698,33.7740193893,"010C","535 Magnolia Ave,NA,CA,90802",6037
"123091021","811 LA QUINTA WAY","Norco","CA",92860,-117.539419357,33.9237237951,-117.53951911,33.9235664867,-117.539319587,33.9238810176,NA,"811 LA QUINTA WAY,Norco,CA,92860",6065
"051-172-010","3020 Serena Rd","Santa Barbara","CA",93105,-119.729444883,34.438579227,-119.729774929,34.4383695118,-119.729162683,34.4388114791,"0100","3020 Serena Rd,Santa Barbara,CA,93105",6083
"8342016005","794 W 8th St",NA,"CA",91766,-117.757477458,34.0519309511,-117.757582598,34.0517631439,-117.757371864,34.0520989148,"0200","794 W 8th St,NA,CA,91766",6037
"2464007039","2251 N Catalina St","Burbank","CA",91504,-118.341569956,34.1937321983,-118.341796663,34.1936597768,-118.34134416,34.1938037953,"0300","2251 N Catalina St,Burbank,CA,91504",6037
"264121007","11529 KIWI CT","Moreno Valley","CA",92557,-117.259861768,33.9534509718,-117.260014428,33.9533215325,-117.259650758,33.9536600474,NA,"11529 KIWI CT,Moreno Valley,CA,92557",6065
"5252041035","724 Barnum Way","Monterey Park","CA",91754,-118.143960849,34.0545360895,-118.144321525,34.0542057104,-118.143589642,34.0549188502,"0100","724 Barnum Way,Monterey Park,CA,91754",6037
"6601602100","5001 HEBER ST",NA,NA,91934,-116.187202695,32.6202097515,-116.187262105,32.6200828915,-116.18714501,32.6203384329,NA,"5001 HEBER ST,NA,NA,91934",6073
"332561075","5800 POTENZA LN","Bakersfield","CA",93308,-119.067098536,35.3973123114,-119.06730597,35.397095221,-119.066789567,35.3974537894,"0102","5800 POTENZA LN,Bakersfield,CA,93308",6029
"311274103","14108 KIOWA RD","Apple Valley","CA",92307,-117.198771717,34.5080653421,-117.198829726,34.5079914645,-117.198713709,34.5081392192,"530","14108 KIOWA RD,Apple Valley,CA,92307",6071
"048B715800400","5377 HILLTOP CRES","Oakland","CA",94618,-122.22719536,37.8333617002,-122.227643143,37.8332330856,-122.226746666,37.8334811886,"1100","5377 HILLTOP CRES,Oakland,CA,94618",6001
"8304005015","654 Ridgefield Dr","Claremont","CA",91711,-117.738131466,34.1181993479,-117.738260594,34.1180136506,-117.738001984,34.1183858609,"0100","654 Ridgefield Dr,Claremont,CA,91711",6037
"088-270-041","301 ALMOND WAY","Healdsburg","CA",95448,-122.853778436,38.6111463532,-122.853984689,38.6110631216,-122.85356666,38.6112290386,NA,"301 ALMOND WAY,Healdsburg,CA,95448",6097
"543 042107700","4851 MONTAGUE AVE","Fremont","CA",94555,-122.05519377,37.56972483,-122.055371691,37.5695991133,-122.055015518,37.5698505482,"1100","4851 MONTAGUE AVE,Fremont,CA,94555",6001
"374171020","1104 ANDREWS DR","Martinez","CA",94553,-122.125509158,38.0107319031,-122.125690834,38.0105720704,-122.125303752,38.0108940407,NA,"1104 ANDREWS DR,Martinez,CA,94553",6013
"4006019026","6606 Brynhurst Ave","Los Angeles","CA",90043,-118.33337539,33.9786153461,-118.333687505,33.9785306483,-118.333063198,33.9787000205,"0500","6606 Brynhurst Ave,Los Angeles,CA,90043",6037
"1900130235","2591 NORTHSTAR CV","Port Hueneme","CA",93041,-119.213782677,34.179482988,-119.213899784,34.1794358852,-119.213665446,34.179530082,NA,"2591 NORTHSTAR CV,Port Hueneme,CA,93041",6111
"1225027000","16243 BEHR MOUNTAIN RD","Grass Valley","CA",95945,-120.971952765,39.1827951576,-120.973437894,39.1821084366,-120.971114142,39.1832487913,NA,"16243 BEHR MOUNTAIN RD,Grass Valley,CA,95945",6057
"00501710090000","86 SANDBURG DR","Sacramento","CA",95819,-121.424049012,38.5730387216,-121.424297539,38.5729225268,-121.423795837,38.5731556752,NA,"86 SANDBURG DR,Sacramento,CA,95819",6067
"445 024001200","25859 SPRING DR","Hayward","CA",94542,-122.065791219,37.6531969424,-122.065983059,37.6530638388,-122.06559986,37.6533307147,"1100","25859 SPRING DR,Hayward,CA,94542",6001
"3004032096","339 Rainbow Ter","City Ranch","CA",93551,-118.135108542,34.5745612885,-118.13522445,34.5744205368,-118.134992584,34.5747017257,"0100","339 Rainbow Ter,City Ranch,CA,93551",6037
"6420162095","1507 HILGARD AVE","Simi Valley","CA",93065,-118.737217326,34.2658857991,-118.737383206,34.2657758294,-118.737051399,34.2659957789,NA,"1507 HILGARD AVE,Simi Valley,CA,93065",6111
"1655010500","3909 BROWN ST","Oceanside","CA",92056,-117.298744068,33.1888053405,-117.298935667,33.1886416134,-117.298523915,33.1889289109,NA,"3909 BROWN ST,Oceanside,CA,92056",6073
"019720010","1780 GIOTTO DR","Brentwood","CA",94513,-121.724535985,37.9536218026,-121.72470229,37.9534734826,-121.724370185,37.9537686904,NA,"1780 GIOTTO DR,Brentwood,CA,94513",6013
"3080620400","10865 CRAVEN RIDGE WAY","San Diego","CA",92130,-117.199790259,32.9318503141,-117.200058028,32.9316516932,-117.199537623,32.9320423569,NA,"10865 CRAVEN RIDGE WAY,San Diego,CA,92130",6073
"43519110","703 W DAYTON AVE","FRESNO","CA",93705,-119.820007085,36.7827039578,-119.820108318,36.7825175633,-119.819905851,36.7828903521,"11","703 W DAYTON AVE,FRESNO,CA,93705",6019
"7075027012","3486 Lilly Ave",NA,"CA",90808,-118.072132291,33.8205242816,-118.072305049,33.8204507993,-118.071959331,33.8205977656,"0100","3486 Lilly Ave,NA,CA,90808",6037
"24132027","1336 TANAKA DR","San Jose","CA",95131,-121.886427843,37.3822163474,-121.88660336,37.3820860001,-121.886252518,37.3823469769,NA,"1336 TANAKA DR,San Jose,CA,95131",6085
"486031005","25814 HARRIET AVE","Moreno Valley","CA",92551,-117.212107002,33.9025152835,-117.212208533,33.9023505171,-117.212004134,33.9026806121,NA,"25814 HARRIET AVE,Moreno Valley,CA,92551",6065
"501 081410100","37720 CARRIAGE CIRCLE CMN","Fremont","CA",94536,-122.013986411,37.5419224206,-122.014122032,37.5417864024,-122.013842487,37.5420539311,"1800","37720 CARRIAGE CIRCLE CMN,Fremont,CA,94536",6001
"031-184-05-1","850 FRANZEL RD","Red Bluff","CA",96080,-122.239321486,40.1630823718,-122.239450685,40.1629426416,-122.239196373,40.1632173538,"Y010","850 FRANZEL RD,Red Bluff,CA,96080",6103
"2724822100","13023 POLVERA AVE","San Diego","CA",92128,-117.050069735,33.0479641424,-117.050461721,33.047553206,-117.049753345,33.0484073328,NA,"13023 POLVERA AVE,San Diego,CA,92128",6073
"505352004","8529 BETTY LN","El Cerrito","CA",94530,-122.294361228,37.9235992929,-122.294618356,37.9234309844,-122.294110961,37.9237824861,NA,"8529 BETTY LN,El Cerrito,CA,94530",6013
"8743017124","1306 E Fairgrove Ave","West Covina","CA",91792,-117.919549647,34.0398355231,-117.920282367,34.039666941,-117.91880964,34.0400237511,"010C","1306 E Fairgrove Ave,West Covina,CA,91792",6037
"023093002000","1333 COLOMBARD WAY","Livingston","CA",95334,-120.712265043,37.3778740752,-120.712437794,37.3777897539,-120.71209048,37.3779600139,"101","1333 COLOMBARD WAY,Livingston,CA,95334",6047
"309044117","13196 GREAT FALLS AVE","Spg Valley Lk","CA",92395,-117.293891966,34.4908320813,-117.294085387,34.4907551885,-117.293698649,34.4909089218,"510","13196 GREAT FALLS AVE,Spg Valley Lk,CA,92395",6071
"2157400803","1684 ROBIN PL","Carlsbad","CA",92011,-117.278122157,33.0973741768,-117.278770604,33.0969171737,-117.277243435,33.0980061686,NA,"1684 ROBIN PL,Carlsbad,CA,92011",6073
"3431802200","8636 PRODUCTION AVE","San Diego","CA",92121,-117.16645198,32.8826601293,-117.166576372,32.8825724835,-117.166330425,32.8827500659,NA,"8636 PRODUCTION AVE,San Diego,CA,92121",6073
"216141003","721 VIA HERMOSA","Danville","CA",94526,-121.989990984,37.8211537326,-121.990562502,37.8208928613,-121.989532116,37.8214475697,NA,"721 VIA HERMOSA,Danville,CA,94526",6013
"527242077","4911 SMOKEY MOUNTAIN WAY","Bakersfield","CA",93312,-119.142048425,35.4046599144,-119.142248251,35.4045771009,-119.141848513,35.4047426297,"0101","4911 SMOKEY MOUNTAIN WAY,Bakersfield,CA,93312",6029
"941 011910200","11625 REGIO CT","Dublin","CA",94568,-121.946160033,37.7115954142,-121.946319933,37.7113898859,-121.945996002,37.7117572844,"1100","11625 REGIO CT,Dublin,CA,94568",6001
"5511008010","106 N Sweetzer Ave","Los Angeles","CA",90048,-118.36970883,34.0746526474,-118.369907088,34.0745679732,-118.369510554,34.0747373282,"0500","106 N Sweetzer Ave,Los Angeles,CA,90048",6037
"27418060","179 BROOKLYN AVE","San Jose","CA",95128,-121.929165101,37.3265549436,-121.929382627,37.3264931877,-121.928952188,37.3266194816,NA,"179 BROOKLYN AVE,San Jose,CA,95128",6085
"052 143501200","3409 CALIFORNIA ST","Oakland","CA",94608,-122.275182862,37.8460198382,-122.275280806,37.8459362609,-122.275083008,37.846101856,"1100","3409 CALIFORNIA ST,Oakland,CA,94608",6001
"2153010026","6264 Lubao Ave","Woodland Hills","CA",91367,-118.565638481,34.1843024816,-118.565880005,34.1842196933,-118.56539693,34.1843852578,"0101","6264 Lubao Ave,Woodland Hills,CA,91367",6037
"500601224","11704 LYNEPARK DR","Bakersfield","CA",93312,-119.132538346,35.360100029,-119.132644071,35.3599555844,-119.132445926,35.3602352281,"0101","11704 LYNEPARK DR,Bakersfield,CA,93312",6029
"50503207","1230 STROMBERG AVE","Arcata","CA",95521,-124.083942768,40.8844083452,-124.08409047,40.8842638899,-124.083813833,40.8845605534,"CITY OF AR","1230 STROMBERG AVE,Arcata,CA,95521",6023
"0580420150","1221 JULIAN CT","Hollister","CA",95023,-121.417475494,36.8434786705,-121.417639301,36.8433659408,-121.417365574,36.8436053703,NA,"1221 JULIAN CT,Hollister,CA,95023",6069
"044314011000","2318 STONEHOUSE DR","Napa","CA",94558,-122.279568729,38.3141372104,-122.279784357,38.3140059567,-122.279368219,38.3142539325,"111","2318 STONEHOUSE DR,Napa,CA,94558",6055
"019360443","11536 SHEFFIELD RD","Fontana","CA",92337,-117.464540317,34.0438249319,-117.464689803,34.0437668535,-117.464390966,34.0438830021,"510","11536 SHEFFIELD RD,Fontana,CA,92337",6071
"8049019016","11564 Littchen St","Norwalk","CA",90650,-118.086741358,33.9111886671,-118.086800198,33.911045483,-118.08668254,33.9113319427,"0100","11564 Littchen St,Norwalk,CA,90650",6037
"191-350-013","837 COMMERCIAL AVE","Tulare","CA",93274,-119.333993263,36.1697181582,-119.33462259,36.1689090141,-119.333361964,36.1705302843,NA,"837 COMMERCIAL AVE,Tulare,CA,93274",6107
"3023013018","37351 Populus Ave","Palmdale","CA",93552,-118.035757383,34.5610391665,-118.035973526,34.56092825,-118.03553965,34.5611511366,"0100","37351 Populus Ave,Palmdale,CA,93552",6037
"247104004","473 GLEN AVE","Riverside","CA",92507,-117.338514151,34.0127402555,-117.338856082,34.0126503083,-117.338205989,34.012828784,NA,"473 GLEN AVE,Riverside,CA,92507",6065
"6130011035","2783 WANDA AVE","Simi Valley","CA",93065,-118.749141794,34.2856371405,-118.749307438,34.2855367379,-118.748976207,34.2857375313,NA,"2783 WANDA AVE,Simi Valley,CA,93065",6111
"030381113","11631 TERRITORY RD","Oak Glen","CA",92399,-117.064186005,34.042632199,-117.064439453,34.0424760681,-117.063959657,34.0429043165,"532","11631 TERRITORY RD,Oak Glen,CA,92399",6071
"519242051","420 CARMEL DR","Delano","CA",93215,-119.266259842,35.767257677,-119.2663444,35.7671205077,-119.266175289,35.7673948331,"0101","420 CARMEL DR,Delano,CA,93215",6029
"102484017","906 MERIDIAN LN","Corona","CA",92882,-117.638641383,33.8793578923,-117.63884732,33.8792039205,-117.638420501,33.8794963406,NA,"906 MERIDIAN LN,Corona,CA,92882",6065
"069 160 09","43384 MONTGOMERY AVE","Davis","CA",95618,-121.704685406,38.5390426346,-121.704863264,38.5387641338,-121.704507547,38.5393211309,NA,"43384 MONTGOMERY AVE,Davis,CA,95618",6113
"8344007025","1696 S Hamilton Blvd",NA,"CA",91766,-117.762835054,34.0405865776,-117.763049177,34.0404954634,-117.762620864,34.0406776843,"0100","1696 S Hamilton Blvd,NA,CA,91766",6037
"033376410","27384 BISON",NA,NA,92352,-117.206038745,34.2704489431,-117.206206841,34.2702481728,-117.205815529,34.2706590578,"510","27384 BISON,NA,NA,92352",6071
"3733701900","4930 ALEJO ST","San Diego","CA",92124,-117.082943981,32.8323309268,-117.083148975,32.8321601417,-117.082759612,32.8325014619,NA,"4930 ALEJO ST,San Diego,CA,92124",6073
"5238005005","453 S Herbert Ave","Hazard","CA",90063,-118.183964037,34.0306057778,-118.18423509,34.03054203,-118.183699908,34.0306696594,"0100","453 S Herbert Ave,Hazard,CA,90063",6037
"101162136","11273 POULSEN",NA,NA,91762,-117.690877341,34.0491223949,-117.691024428,34.0490431076,-117.690732801,34.0492005058,"510","11273 POULSEN,NA,NA,91762",6071
"6750074225","2630 CALLE LIMONERO","Thousand Oaks","CA",91360,-118.850931509,34.2140394834,-118.851137119,34.2139291957,-118.850725894,34.2141497647,NA,"2630 CALLE LIMONERO,Thousand Oaks,CA,91360",6111
"347542002","40938 CARNEGIE CIR","Lake Elsinore","CA",92532,-117.321914949,33.6939462963,-117.322110189,33.6937988068,-117.321715685,33.6940958215,NA,"40938 CARNEGIE CIR,Lake Elsinore,CA,92532",6065
"68734047","5856 SANTA TERESA BLVD","San Jose","CA",95123,-121.836236432,37.2372379319,-121.836345524,37.2370033223,-121.836129085,37.2374705992,NA,"5856 SANTA TERESA BLVD,San Jose,CA,95123",6085
"2849008001","27487 Diane Marie Cir","Santa Clarita","CA",91350,-118.512487322,34.4400001319,-118.512645278,34.4399129164,-118.512327865,34.4400989994,"0100","27487 Diane Marie Cir,Santa Clarita,CA,91350",6037
"2653004179","8822 Willis Ave",NA,"CA",91402,-118.45480276,34.2306882241,-118.455187455,34.2305481311,-118.454418087,34.2308283008,"010C","8822 Willis Ave,NA,CA,91402",6037
"035242021000","3251 CHATEAU RD",NA,NA,93546,-118.970370183,37.6367201575,-118.970441045,37.6366821862,-118.970299318,37.6367581402,"HDR","3251 CHATEAU RD,NA,NA,93546",6051
"030-183-04","3 LONGFELLOW RD","Mill Valley","CA",94941,-122.521656247,37.9022879501,-122.521823138,37.9021152056,-122.521470589,37.9024429008,"11","3 LONGFELLOW RD,Mill Valley,CA,94941",6041
"2885831900","25232 PODERIO DR","Ramona","CA",92065,-116.782265593,33.0070994483,-116.782467183,33.0068090073,-116.782062387,33.0073889525,NA,"25232 PODERIO DR,Ramona,CA,92065",6073
"063 297404600","1013 KEITH AVE","Berkeley","CA",94708,-122.266182668,37.8900523345,-122.266373256,37.8899004753,-122.265993331,37.890207403,"1100","1013 KEITH AVE,Berkeley,CA,94708",6001
"1880825500","28634 SUNSET RD","Valley Center","CA",92082,-116.980476403,33.2349504707,-116.981141324,33.2344359436,-116.979802245,33.2354716429,NA,"28634 SUNSET RD,Valley Center,CA,92082",6073
"1853660138","8856 LAWRENCE WELK DR","Escondido","CA",92026,-117.141958072,33.2348001846,-117.142418552,33.2340985309,-117.141305158,33.2356057165,NA,"8856 LAWRENCE WELK DR,Escondido,CA,92026",6073
"1660141025","1759 WOLVERTON AVE","Camarillo","CA",93010,-119.029653981,34.2357183705,-119.029819596,34.2356196015,-119.029488369,34.235817142,NA,"1759 WOLVERTON AVE,Camarillo,CA,93010",6111
"108916112","11642 ROSSANO DR","Alta Loma","CA",91701,-117.550377412,34.1357791711,-117.55046105,34.1355828654,-117.550292312,34.1359689198,"510","11642 ROSSANO DR,Alta Loma,CA,91701",6071
"2417011031","10421 Chandler Blvd","North Hollywood","CA",91601,-118.357329023,34.1689750118,-118.357430492,34.1688307974,-118.357223618,34.1691218527,"0100","10421 Chandler Blvd,North Hollywood,CA,91601",6037
"5215034014","2101 N Eastern Ave",NA,"CA",90032,-118.180730066,34.0679689765,-118.180964559,34.0678920053,-118.180495559,34.0680459342,"0100","2101 N Eastern Ave,NA,CA,90032",6037
"039622121","14349 EL DORADO DR","Spg Valley Lk","CA",92395,-117.315397407,34.5115617014,-117.315555467,34.5114407126,-117.315239347,34.5116826899,"530","14349 EL DORADO DR,Spg Valley Lk,CA,92395",6071
"7318014019","20444 S Reeves Ave","Long Beach","CA",90810,-118.226719677,33.8450053733,-118.22779589,33.844428845,-118.225567256,33.8455710459,"3300","20444 S Reeves Ave,Long Beach,CA,90810",6037
"1931021","646 MORAGA ST","San Francisco","CA",94122,-122.469812686,37.7566549334,-122.46986557,37.7565141069,-122.469759804,37.7567957586,NA,"646 MORAGA ST,San Francisco,CA,94122",6075
"419280007","98 LORI WAY","Banning","CA",92220,-116.93310216,33.9290373912,-116.933363334,33.928947589,-116.932865101,33.9291275227,NA,"98 LORI WAY,Banning,CA,92220",6065
"231192028","3188 VANCE ST","Riverside","CA",92504,-117.420879979,33.9224791799,-117.421124555,33.9222982228,-117.420635849,33.9226603604,NA,"3188 VANCE ST,Riverside,CA,92504",6065
"6343013","776 MADRID ST","San Francisco","CA",94112,-122.436285235,37.717468226,-122.436455339,37.7173683047,-122.436115132,37.717568147,NA,"776 MADRID ST,San Francisco,CA,94112",6075
"2128003123","6501 Wystone Ave","Reseda","CA",91335,-118.54765823,34.1887879323,-118.548615323,34.1879412869,-118.546939078,34.1901292912,"010C","6501 Wystone Ave,Reseda,CA,91335",6037
"349302018","2709 REMBACH AVE","Bodfish","CA",93205,-118.454739946,35.5783768881,-118.455172719,35.5779368439,-118.454281377,35.5788370349,"0090","2709 REMBACH AVE,Bodfish,CA,93205",6029
"2202019005","17518 Cohasset St","Van Nuys","CA",91406,-118.51495379,34.206585157,-118.515054667,34.2063954592,-118.51485576,34.206759967,"0100","17518 Cohasset St,Van Nuys,CA,91406",6037
"5723014","578 ANDERSON ST","San Francisco","CA",94110,-122.415617945,37.7361801266,-122.415740356,37.7361389951,-122.415495534,37.7362212577,NA,"578 ANDERSON ST,San Francisco,CA,94110",6075
"6345007020","317 N Spruce St","Montebello","CA",90640,-118.108741622,34.0147564888,-118.108977871,34.014644324,-118.108505326,34.0148687185,"0101","317 N Spruce St,Montebello,CA,90640",6037
"2131900502","6207 SHAMROCK PL","Carlsbad","CA",92009,-117.255873198,33.1270296709,-117.256742867,33.1262147745,-117.254917336,33.1277803207,NA,"6207 SHAMROCK PL,Carlsbad,CA,92009",6073
"067157009","913 14TH W ST",NA,NA,94509,-121.817920848,38.0081747228,-121.818020829,38.0080480645,-121.817821711,38.0083010096,NA,"913 14TH W ST,NA,NA,94509",6013
"2226027001","7426 Mclennan Ave","Van Nuys","CA",91406,-118.499805809,34.2055499545,-118.499948126,34.2054591742,-118.4996635,34.2056407484,"0100","7426 Mclennan Ave,Van Nuys,CA,91406",6037
"2385011022","3247 Longridge Ter","Sherman Oaks","CA",91423,-118.417523444,34.1287004805,-118.417854808,34.1283303211,-118.41702477,34.1293760028,"0100","3247 Longridge Ter,Sherman Oaks,CA,91423",6037
"5389015070","8851 Boydton St","Rosemead","CA",91770,-118.076191022,34.0879655022,-118.076337691,34.0877936655,-118.075982898,34.0881635563,"0101","8851 Boydton St,Rosemead,CA,91770",6037
"097-424-005","3923 Agena Way","Lompoc","CA",93436,-120.46198497,34.7050610666,-120.462289218,34.7049045726,-120.461670299,34.7052373614,"0100","3923 Agena Way,Lompoc,CA,93436",6083
"078-170-51-1","7875 HWY 99E","Los Molinos",NA,96055,-122.100298648,40.025297963,-122.100767593,40.0250287798,-122.099977173,40.025490403,"113","7875 HWY 99E,Los Molinos,NA,96055",6103
"009610029","410 Rose Ln","Adelaide","CA",93446,-120.674451068,35.6199930508,-120.674696243,35.6198376234,-120.674243486,35.6201510203,NA,"410 Rose Ln,Adelaide,CA,93446",6079
"2634039041","8669 Remick Ave","Sun Valley","CA",91352,-118.402259107,34.2274981104,-118.402489076,34.2273095113,-118.402028809,34.2276715179,"0100","8669 Remick Ave,Sun Valley,CA,91352",6037
"6345008016","1020 W Madison Ave","Montebello","CA",90640,-118.110473392,34.0146547396,-118.110627223,34.0144724802,-118.110319483,34.0148370161,"0100","1020 W Madison Ave,Montebello,CA,90640",6037
"034370038","1026 VINEYARD DR","Oakley","CA",94561,-121.716082394,37.9775479123,-121.716221854,37.9773416985,-121.715942933,37.9777541243,NA,"1026 VINEYARD DR,Oakley,CA,94561",6013
"685140002","3 CASSIS CIR","Rancho Mirage","CA",92270,-116.403519745,33.7886291455,-116.403697145,33.7884095534,-116.403343087,33.7888475995,NA,"3 CASSIS CIR,Rancho Mirage,CA,92270",6065
"121170020","5770 TAMARACK WAY","Concord","CA",94521,-121.945409007,37.9370847533,-121.946003227,37.936712589,-121.94489287,37.9373567329,NA,"5770 TAMARACK WAY,Concord,CA,94521",6013
"291535006","22681 BROMPTON ST","Moreno Valley","CA",92553,-117.266960293,33.931807307,-117.267157331,33.9316558021,-117.266731662,33.9319968347,NA,"22681 BROMPTON ST,Moreno Valley,CA,92553",6065
"16118007","2903 ROAD I","Redwood Valley","CA",95470,-123.189663064,39.2840683517,-123.190067182,39.2837231287,-123.189210281,39.2844262857,NA,"2903 ROAD I,Redwood Valley,CA,95470",6045
"030690025000","14600 ANDREWS RD","Pine Grove","CA",95665,-120.676993228,38.4199385724,-120.678262502,38.4191548718,-120.676114746,38.4207718064,NA,"14600 ANDREWS RD,Pine Grove,CA,95665",6005
"694424029","73252 REFLECTION WAY",NA,NA,92270,-116.381590495,33.7955273965,-116.382028998,33.7952428763,-116.381152135,33.7958075742,NA,"73252 REFLECTION WAY,NA,NA,92270",6065
"3111801772","8458 SUMMERDALE RD","San Diego","CA",92126,-117.142305822,32.9197296191,-117.143791979,32.9179433733,-117.141810436,32.9200469002,NA,"8458 SUMMERDALE RD,San Diego,CA,92126",6073
"11707100100000","14 CLOVE CT","Sacramento","CA",95823,-121.438778004,38.4604642634,-121.439020235,38.46032839,-121.438561061,38.4606006859,NA,"14 CLOVE CT,Sacramento,CA,95823",6067
"903 001304000","655 HELIGAN LN","Livermore","CA",94551,-121.79646479,37.7079005923,-121.796583359,37.7077413126,-121.796330941,37.7080726262,"7000","655 HELIGAN LN,Livermore,CA,94551",6001
"8761004060","1640 Greenport Ave","Rowland Heights","CA",91748,-117.895463772,33.9886645834,-117.896368781,33.9879518878,-117.894748722,33.9897901811,"010C","1640 Greenport Ave,Rowland Heights,CA,91748",6037
"09005032","4340 MOTHER LODE DR","Latrobe","CA",95682,-120.923929425,38.6653889915,-120.924602975,38.6647236665,-120.923185252,38.6664689316,"21","4340 MOTHER LODE DR,Latrobe,CA,95682",6017
"074 129008800","615 WATERFALL ISLE","Alameda","CA",94501,-122.270727361,37.7667658943,-122.27090279,37.766635069,-122.270527262,37.7669029623,"1100","615 WATERFALL ISLE,Alameda,CA,94501",6001
"3099010","95 SAN RAFAEL WAY","San Francisco","CA",94127,-122.470163686,37.7334126559,-122.47031552,37.7333015971,-122.470016086,37.7335255928,NA,"95 SAN RAFAEL WAY,San Francisco,CA,94127",6075
"4209021008","4343 Mentone Ave","Culver City","CA",90232,-118.396553386,34.0103468632,-118.396747758,34.0101813681,-118.396360106,34.0105133456,"0100","4343 Mentone Ave,Culver City,CA,90232",6037
"2812046029","28739 Shadow Valley Ln","Green Valley","CA",91390,-118.487253111,34.4600422954,-118.487462837,34.4598276785,-118.486980838,34.4604214191,"0100","28739 Shadow Valley Ln,Green Valley,CA,91390",6037
"2993102548","1570 CAMINO DEL MAR","Del Mar","CA",92014,-117.265982077,32.9620350719,-117.266424774,32.961701,-117.265450967,32.9623054012,NA,"1570 CAMINO DEL MAR,Del Mar,CA,92014",6073
"2821012023","22740 Hialeah Way","Chatsworth","CA",91311,-118.624035293,34.2776662202,-118.62450129,34.2768417462,-118.623847385,34.2790628794,"0100","22740 Hialeah Way,Chatsworth,CA,91311",6037
"411 003902500","1671 VIA ESCONDIDO","San Lorenzo","CA",94580,-122.144116081,37.6741504722,-122.144342808,37.6739274236,-122.143887661,37.6743753508,"1100","1671 VIA ESCONDIDO,San Lorenzo,CA,94580",6001
"050-100-063-000","1748 DRAYER DR","Paradise","CA",95969,-121.578350876,39.7934145952,-121.578568321,39.7932795408,-121.578133441,39.7935496478,"RS","1748 DRAYER DR,Paradise,CA,95969",6007
"5953803500","2279 ROLLING RIDGE RD","Chula Vista","CA",91914,-116.973481597,32.6624695321,-116.973590747,32.662280328,-116.97337636,32.6626788911,NA,"2279 ROLLING RIDGE RD,Chula Vista,CA,91914",6073
"520032005","6221 RALSTON AVE","Richmond","CA",94805,-122.318168102,37.9444647563,-122.318363091,37.9443856592,-122.317973367,37.9445441717,NA,"6221 RALSTON AVE,Richmond,CA,94805",6013
"098084006","69 INLET DR","Bay Point","CA",94565,-121.969312266,38.035295416,-121.96948403,38.0352275332,-121.969140371,38.0353632275,NA,"69 INLET DR,Bay Point,CA,94565",6013
"13215000820000","10185 LOFTON WAY","Elk Grove","CA",95757,-121.436252326,38.3869827967,-121.436435474,38.3869208583,-121.436069184,38.3870447349,NA,"10185 LOFTON WAY,Elk Grove,CA,95757",6067
"8360006005","1326 Val Vista St","Pomona","CA",91768,-117.773732162,34.0748192418,-117.773921684,34.0745924129,-117.773540172,34.0750314708,"0100","1326 Val Vista St,Pomona,CA,91768",6037
"2227011002","7352 Wish Ave",NA,"CA",91406,-118.506530095,34.2044433523,-118.506695552,34.2043607383,-118.506364647,34.2045259799,"0100","7352 Wish Ave,NA,CA,91406",6037
"414045004","2912 MULLENS DR","Hilltop Mall","CA",94806,-122.332719027,37.9744192684,-122.332819718,37.9742634726,-122.332619891,37.9745713339,NA,"2912 MULLENS DR,Hilltop Mall,CA,94806",6013
"6372028016","5523 Rosemead Blvd","Pico Rivera","CA",90660,-118.08751956,33.9943804495,-118.087710108,33.9942162574,-118.087330674,33.9945409543,"0100","5523 Rosemead Blvd,Pico Rivera,CA,90660",6037
"6422402800","1878 ITHACA ST","Chula Vista","CA",91913,-116.984000871,32.6449686396,-116.984234691,32.6447791922,-116.983775227,32.6451634597,NA,"1878 ITHACA ST,Chula Vista,CA,91913",6073
"514190010","547   20TH ST","N Richmond","CA",94801,-122.350801326,37.9393079813,-122.350994865,37.9392605457,-122.350609374,37.9393543719,NA,"547   20TH ST,N Richmond,CA,94801",6013
"7040022010","18735 Clarkdale Ave","Artesia","CA",90701,-118.0799963,33.8603568312,-118.080238855,33.86028412,-118.079753747,33.8604295423,"0400","18735 Clarkdale Ave,Artesia,CA,90701",6037
"41014105S","6801 N BACKER AVE","FRESNO","CA",93710,-119.743392584,36.8354484969,-119.743586811,36.8352817546,-119.743175303,36.8355970908,"11","6801 N BACKER AVE,FRESNO,CA,93710",6019
"104705505","240 S LAUREL AVE","Upland","CA",91786,-117.652157655,34.0916940262,-117.652400822,34.0915287088,-117.652002656,34.0919269299,"510","240 S LAUREL AVE,Upland,CA,91786",6071
"094-092-001","600 N COURT ST","Visalia","CA",93291,-119.291990001,36.3355874777,-119.292266122,36.3354314366,-119.291802882,36.335886476,NA,"600 N COURT ST,Visalia,CA,93291",6107
"5825001033","334 W Woodbury Rd",NA,"CA",91001,-118.157816206,34.1824493121,-118.157900066,34.1822696352,-118.157732191,34.182627978,"0100","334 W Woodbury Rd,NA,CA,91001",6037
"5647014012","406 E Loraine St","Glendale","CA",91207,-118.250793385,34.164214759,-118.250890452,34.164060409,-118.250697097,34.1643685775,"0100","406 E Loraine St,Glendale,CA,91207",6037
"47230022","1190 S WINERY AVE","FRESNO","CA",93727,-119.732975596,36.7315785615,-119.73306065,36.7315279369,-119.732900253,36.7316131045,"11","1190 S WINERY AVE,FRESNO,CA,93727",6019
"6303008421","3560 AREY DR","San Diego","CA",92154,-117.055944937,32.5791218618,-117.057981509,32.5788436152,-117.053675793,32.5794149143,NA,"3560 AREY DR,San Diego,CA,92154",6073
"258681005","62 SANDERS RANCH RD","Moraga","CA",94556,-122.110846041,37.8261887146,-122.111277904,37.8259141839,-122.110400796,37.8264514234,NA,"62 SANDERS RANCH RD,Moraga,CA,94556",6013
"2150721600","1537 MARTINGALE CT","Carlsbad","CA",92011,-117.288587059,33.1162608853,-117.288719758,33.1160892794,-117.28841863,33.1163983778,NA,"1537 MARTINGALE CT,Carlsbad,CA,92011",6073
"42803211S","2806 E NORWICH AVE","FRESNO","CA",93726,-119.777898648,36.8003057928,-119.778002995,36.8001683463,-119.777794301,36.800443239,"11","2806 E NORWICH AVE,FRESNO,CA,93726",6019
"5032712500","8910 LAMAR ST","Spring Valley","CA",91977,-117.007966981,32.738900047,-117.0080535,32.7387854311,-117.007881046,32.7390158489,NA,"8910 LAMAR ST,Spring Valley,CA,91977",6073
"4296006032","7211 Raintree Cir",NA,"CA",90230,-118.390596447,34.0083011481,-118.391068292,34.0078816981,-118.390137611,34.008692355,"010C","7211 Raintree Cir,NA,CA,90230",6037
"22904000170000","6689 GREENBACK LN","Citrus Heights","CA",95621,-121.308866404,38.6784043586,-121.308905999,38.6783087981,-121.308834038,38.6784890779,NA,"6689 GREENBACK LN,Citrus Heights,CA,95621",6067
"02609046","407 CURTNER DR","Milpitas","CA",95035,-121.901932554,37.4558291995,-121.902090187,37.4556829636,-121.901774655,37.4559763048,NA,"407 CURTNER DR,Milpitas,CA,95035",6085
"07047020","3802 MIRA LOMA DR","Cameron Park","CA",95682,-120.982344053,38.6953996537,-120.98264122,38.6951284151,-120.982030264,38.6956460094,"11","3802 MIRA LOMA DR,Cameron Park,CA,95682",6017
"010832419","1833 N HUMBOLDT AVE","Ontario","CA",91764,-117.623075292,34.0912209614,-117.623269482,34.0911354447,-117.622881052,34.0913064867,"510","1833 N HUMBOLDT AVE,Ontario,CA,91764",6071
"314061078","23901 COYOTE CT","Tehachapi","CA",93561,-118.598522789,35.1657691466,-118.599089947,35.1652012457,-118.597938636,35.1663138859,"0106","23901 COYOTE CT,Tehachapi,CA,93561",6029
"5548001030","7135 Hollywood Blvd","Los Angeles","CA",90046,-118.346516725,34.1020550619,-118.346765495,34.101744682,-118.346263647,34.1023659349,"010C","7135 Hollywood Blvd,Los Angeles,CA,90046",6037
"4800841400","7466 PACIFIC AVE","Lemon Grove","CA",91945,-117.037175456,32.7418925562,-117.037282829,32.7417101271,-117.037068063,32.7420745893,NA,"7466 PACIFIC AVE,Lemon Grove,CA,91945",6073
"721241002","98535 BOUNTY AVE","Mecca","CA",92254,-115.947371994,33.5434857889,-115.947472863,33.5433119191,-115.947271736,33.5436602093,NA,"98535 BOUNTY AVE,Mecca,CA,92254",6065
"052130005","2817 SUNFLOWER DR","Antioch","CA",94531,-121.778629171,37.9905604938,-121.778896432,37.9903249609,-121.778412621,37.9908035662,NA,"2817 SUNFLOWER DR,Antioch,CA,94531",6013
"423323047","1003 VIA PELAGO ST","Delano","CA",93215,-119.227404194,35.7706810084,-119.227586806,35.7705954616,-119.227221422,35.7707665299,"0101","1003 VIA PELAGO ST,Delano,CA,93215",6029
"028405359","24630 UNIVERSITY AVE","Loma Linda","CA",92354,-117.267187534,34.0523024541,-117.267318028,34.0521238718,-117.26705704,34.0524810332,"510","24630 UNIVERSITY AVE,Loma Linda,CA,92354",6071
"2553008014","10784 Owens Pl","Tujunga","CA",91042,-118.283637716,34.2638555407,-118.283880295,34.2636750173,-118.283445214,34.2640597006,"0101","10784 Owens Pl,Tujunga,CA,91042",6037
"2780018008","8549 Limerick Ave",NA,"CA",91306,-118.583428822,34.2260606897,-118.58363734,34.2259669639,-118.583220295,34.2261544017,"0100","8549 Limerick Ave,NA,CA,91306",6037
"223190035","5515 QUINCE ST","Riverside","CA",92506,-117.3713708,33.9513455908,-117.371522885,33.9512842366,-117.371218714,33.951406945,NA,"5515 QUINCE ST,Riverside,CA,92506",6065
"5762013006","371 N Mountain Trl",NA,"CA",91024,-118.048384171,34.1683693782,-118.048492967,34.1682243896,-118.04827577,34.1685142653,"0100","371 N Mountain Trl,NA,CA,91024",6037
"5120141155","507 MILLARD ST","Moorpark","CA",93021,-118.878751315,34.2841766853,-118.878880335,34.2840312368,-118.878559756,34.2844102725,NA,"507 MILLARD ST,Moorpark,CA,93021",6111
"8484018015","2337 E Alaska St","West Covina","CA",91791,-117.895172817,34.0592283699,-117.89536199,34.0588972377,-117.894852549,34.0594910237,"0100","2337 E Alaska St,West Covina,CA,91791",6037
"155411001","10000 ONTARIO ST","Riverside","CA",92503,-117.474841142,33.9581945092,-117.474989163,33.9580393343,-117.474701163,33.9583591772,NA,"10000 ONTARIO ST,Riverside,CA,92503",6065
"8670004029","2350 Dana Ct","Claremont","CA",91711,-117.717176843,34.1268959046,-117.717476907,34.1266859195,-117.71694053,34.1270229912,"0101","2350 Dana Ct,Claremont,CA,91711",6037
"479444003","25977 RAILTON ST","Moreno Valley","CA",92553,-117.209236359,33.9217270004,-117.209435974,33.9215445753,-117.209088267,33.9218473739,NA,"25977 RAILTON ST,Moreno Valley,CA,92553",6065
"2041245112","3200 CARLSBAD BLVD","Carlsbad","CA",92008,-117.350176339,33.1547324908,-117.350638293,33.1540723856,-117.349725229,33.1553925453,NA,"3200 CARLSBAD BLVD,Carlsbad,CA,92008",6073
"084D123500701","3900 SEVEN HILLS RD","Castro Valley","CA",94546,-122.083343915,37.7109583196,-122.084136989,37.7104785851,-122.082557309,37.7114373848,"6600","3900 SEVEN HILLS RD,Castro Valley,CA,94546",6001
"047747207","13834 RODEO DR","Spg Valley Lk","CA",92395,-117.304085854,34.5024736602,-117.304287048,34.5023953647,-117.303884665,34.5025519568,"526","13834 RODEO DR,Spg Valley Lk,CA,92395",6071
"073-100-008","370 Storke Rd","Gaviota","CA",93117,-119.868829837,34.4263266472,-119.869508878,34.4261737477,-119.868148025,34.4264792546,"2100","370 Storke Rd,Gaviota,CA,93117",6083
"5078033019","1214 Fedora St","Los Angeles","CA",90006,-118.297568423,34.0485500152,-118.297780446,34.0484857703,-118.297356399,34.0486142602,"0200","1214 Fedora St,Los Angeles,CA,90006",6037
"40303193","4660 GRIMSBY DR","San Jose","CA",95130,-121.983321248,37.2801975523,-121.983435064,37.2800510352,-121.983209619,37.2803504865,NA,"4660 GRIMSBY DR,San Jose,CA,95130",6085
"3784200500","10152 SIR LANCELOT DR","Santee","CA",92071,-116.976594191,32.8748281193,-116.976702196,32.874677587,-116.976486359,32.8749776979,NA,"10152 SIR LANCELOT DR,Santee,CA,92071",6073
"066-260-005-000","13636 LAYTON CT","Magalia","CA",95954,-121.604074224,39.8048980581,-121.604281362,39.8046718781,-121.603870526,39.8051407565,"RM","13636 LAYTON CT,Magalia,CA,95954",6007
"034-540-015","2162 FRANCISCO AVE","Larkfield","CA",95403,-122.760321105,38.4710214054,-122.760519665,38.4709344631,-122.760122537,38.4711083496,NA,"2162 FRANCISCO AVE,Larkfield,CA,95403",6097
"016-450-006-000","5740 COBBLESTONE DR","Rocklin","CA",95765,-121.264562784,38.8024016309,-121.265820334,38.8014001392,-121.263292982,38.8032952704,"72","5740 COBBLESTONE DR,Rocklin,CA,95765",6061
"4604015000","12486 VIKING WAY","Truckee","CA",96161,-120.253333278,39.356953586,-120.253597012,39.3567089673,-120.253104581,39.3571576106,NA,"12486 VIKING WAY,Truckee,CA,96161",6057
"2052004011","26939 Alsace Dr","Calabasas","CA",91302,-118.71071453,34.1626065681,-118.711091495,34.1623052847,-118.710326146,34.162899345,"0101","26939 Alsace Dr,Calabasas,CA,91302",6037
"016724107","1236 WEBSTER ST","Redlands","CA",92374,-117.186438737,34.0693466974,-117.186716571,34.0692757923,-117.186160127,34.0694182941,"510","1236 WEBSTER ST,Redlands,CA,92374",6071
"640131011","72907 SONORA DR","Palm Desert","CA",92260,-116.393043827,33.727065313,-116.393211887,33.726862887,-116.392863223,33.7272592018,NA,"72907 SONORA DR,Palm Desert,CA,92260",6065
"13220200010000","9921 ALBACORE WAY","Elk Grove","CA",95757,-121.407941808,38.3970784453,-121.408155067,38.3969564426,-121.407727176,38.3971876346,NA,"9921 ALBACORE WAY,Elk Grove,CA,95757",6067
"4322017022","2213 Camden Ave","Los Angeles","CA",90064,-118.436096764,34.0406643039,-118.436320563,34.0405037066,-118.435873149,34.0408250018,"0100","2213 Camden Ave,Los Angeles,CA,90064",6037
"148270135","2813 HINES WAY","Bakersfield","CA",93304,-119.035143242,35.3402978666,-119.035252888,35.3401515101,-119.03503358,35.3404450089,"0106","2813 HINES WAY,Bakersfield,CA,93304",6029
"4852006","1224 BANCROFT AVE","San Francisco","CA",94124,-122.385998955,37.7220521405,-122.386169788,37.7219004962,-122.385828121,37.7222037846,NA,"1224 BANCROFT AVE,San Francisco,CA,94124",6075
"349273060","2412 REMBACH AVE","Bodfish","CA",93205,-118.458715794,35.5802806432,-118.459057069,35.5799405502,-118.458363504,35.5805827101,"0193","2412 REMBACH AVE,Bodfish,CA,93205",6029
"691330010","80407 AVD SANTA BELINDA",NA,NA,92203,-116.261941305,33.7512756207,-116.26202351,33.7510971946,-116.261858316,33.7514564733,NA,"80407 AVD SANTA BELINDA,NA,NA,92203",6065
"022-340-11-00","100 KETTENPOM VLY",NA,NA,95595,-123.388967986,40.1325655633,-123.397434474,40.1255488048,-123.384769692,40.1386904105,"3XXX","100 KETTENPOM VLY,NA,NA,95595",6105
"470070028","41695 MINTO WAY","Hemet","CA",92544,-116.934084308,33.6432417706,-116.936169294,33.6422544142,-116.932495321,33.6447563616,NA,"41695 MINTO WAY,Hemet,CA,92544",6065
"2993102933","1570 CAMINO DEL MAR","Del Mar","CA",92014,-117.265982077,32.9620350719,-117.266424774,32.961701,-117.265450967,32.9623054012,NA,"1570 CAMINO DEL MAR,Del Mar,CA,92014",6073
"043488125","19367 BOULDER ST","Apple Valley","CA",92308,-117.239049223,34.4426086825,-117.239117798,34.4424514184,-117.238980649,34.4427659457,"531","19367 BOULDER ST,Apple Valley,CA,92308",6071
"3733022000","5813 MENORCA DR","San Diego","CA",92124,-117.097679916,32.836741582,-117.097777708,32.8366089658,-117.097586826,32.8368693283,NA,"5813 MENORCA DR,San Diego,CA,92124",6073
"074 103909400","418 IRONWOOD RD","Alameda","CA",94502,-122.243720656,37.7384426896,-122.243774574,37.7383780521,-122.243663742,37.7385065304,"1500","418 IRONWOOD RD,Alameda,CA,94502",6001
"367150031","34580 ORANGE ST","Wildomar","CA",92595,-117.274863751,33.6184632009,-117.275343906,33.618344172,-117.274379652,33.6185787759,NA,"34580 ORANGE ST,Wildomar,CA,92595",6065
"43730213","3875 E ANDREWS AVE","FRESNO","CA",93726,-119.759438604,36.7808284194,-119.759545012,36.780676759,-119.759332185,36.7809800308,"11","3875 E ANDREWS AVE,FRESNO,CA,93726",6019
"017313220","715 ESTHER WAY","Redlands","CA",92373,-117.180407202,34.0422078195,-117.180635071,34.0420470089,-117.180180744,34.0423690682,"510","715 ESTHER WAY,Redlands,CA,92373",6071
"67663015","2195 GOLDEN DEW CIR","San Jose","CA",95121,-121.795525693,37.3060652871,-121.795721629,37.30585426,-121.795322677,37.3063074626,NA,"2195 GOLDEN DEW CIR,San Jose,CA,95121",6085
"144711005","14257 GRAYLING DR","Corona","CA",92880,-117.594632676,33.9527975946,-117.594807272,33.9525952657,-117.594464403,33.9529929533,NA,"14257 GRAYLING DR,Corona,CA,92880",6065
"487232008","26578 PRIMROSE WAY","Moreno Valley","CA",92555,-117.198422963,33.9387539685,-117.198539399,33.9384875054,-117.198307685,33.9390134997,NA,"26578 PRIMROSE WAY,Moreno Valley,CA,92555",6065
"108330011","309 TOP OF THE WEST DR","Chester","CA",96020,-121.211340608,40.2387076149,-121.211611406,40.2384542084,-121.210954761,40.2389325704,NA,"309 TOP OF THE WEST DR,Chester,CA,96020",6063
"235024203","1331 LA CRESCENTA DR",NA,NA,92314,-116.847970908,34.236939429,-116.848168112,34.2367669721,-116.847773006,34.2370732129,"510","1331 LA CRESCENTA DR,NA,NA,92314",6071
"217241015","5043 MAGNOLIA AVE","Riverside","CA",92506,-117.386603171,33.9694321706,-117.386873253,33.9692526528,-117.386333619,33.9696105431,NA,"5043 MAGNOLIA AVE,Riverside,CA,92506",6065
"187590018","604 YOUNG CT","Alamo","CA",94507,-122.017001194,37.8721112004,-122.017395708,37.8716918307,-122.016708877,37.872469291,NA,"604 YOUNG CT,Alamo,CA,94507",6013
"409061041","13013 BRIMHALL RD","Bakersfield","CA",93314,-119.149229359,35.3683171763,-119.149435795,35.3679348673,-119.149022922,35.3686994845,"0100","13013 BRIMHALL RD,Bakersfield,CA,93314",6029
"0870247095","8257 SUNSTONE ST","Ventura","CA",93004,-119.183040727,34.2745530721,-119.183134223,34.2744259755,-119.182947232,34.2746801686,NA,"8257 SUNSTONE ST,Ventura,CA,93004",6111
"0520094065","441 HUME DR","Fillmore","CA",93015,-118.922845742,34.4006830753,-118.923035537,34.4005825533,-118.922657423,34.4007841436,NA,"441 HUME DR,Fillmore,CA,93015",6111
"8087004026","14519 Rio Blanco Rd","La Mirada","CA",90638,-118.016211385,33.898439217,-118.01640364,33.8982937788,-118.016019549,33.8985816733,"0100","14519 Rio Blanco Rd,La Mirada,CA,90638",6037
"1651800400","2301 MANGRUM PL","Oceanside","CA",92056,-117.315520449,33.1873393851,-117.315935141,33.1869860466,-117.315103677,33.187664954,NA,"2301 MANGRUM PL,Oceanside,CA,92056",6073
"028019206","755 E NORMAN RD","San Bernardino","CA",92408,-117.268729608,34.0808733572,-117.268895799,34.0805173358,-117.268563588,34.081230625,"514","755 E NORMAN RD,San Bernardino,CA,92408",6071
"6002013028","1524 W 59th Pl","Los Angeles","CA",90047,-118.303297862,33.9864698855,-118.303372762,33.9863157274,-118.303222961,33.9866240525,"0100","1524 W 59th Pl,Los Angeles,CA,90047",6037
"2722007098","10341 Canoga Ave","Chatsworth","CA",91311,-118.598491721,34.2587039108,-118.599395429,34.2582222425,-118.597453046,34.2590494975,"010C","10341 Canoga Ave,Chatsworth,CA,91311",6037
"58718045","3075 VESUVIUS LN","San Jose","CA",95132,-121.853798908,37.3977687218,-121.853974321,37.3976055564,-121.853623465,37.3979318553,NA,"3075 VESUVIUS LN,San Jose,CA,95132",6085
"4792201900","3031 MASSACHUSETTS AVE","Lemon Grove","CA",91945,-117.042578745,32.7381055363,-117.042764251,32.7380308492,-117.042391931,32.73817887,NA,"3031 MASSACHUSETTS AVE,Lemon Grove,CA,91945",6073
"2103021053","7939 Reseda Blvd","Reseda","CA",91335,-118.536830508,34.2149434425,-118.537426467,34.2147364392,-118.536234551,34.2151504455,"0501","7939 Reseda Blvd,Reseda,CA,91335",6037
"147152037","608 LOCH LOMOND DR","Bakersfield","CA",93304,-119.033024469,35.3480826829,-119.033279448,35.3480081408,-119.032770768,35.3481583753,"0101","608 LOCH LOMOND DR,Bakersfield,CA,93304",6029
"034-371-016","3531 COFFEY MEADOWS PL","Larkfield","CA",95403,-122.751483442,38.4766062629,-122.751674998,38.4765451046,-122.751283256,38.4766695855,NA,"3531 COFFEY MEADOWS PL,Larkfield,CA,95403",6097
"3733900767","6116 CALLE MARISELDA","San Diego","CA",92124,-117.097222342,32.8340730553,-117.09754598,32.8336918241,-117.096786659,32.8344334047,NA,"6116 CALLE MARISELDA,San Diego,CA,92124",6073
"4326003138","10520 Wilshire Blvd","Los Angeles","CA",90024,-118.432005323,34.0633753484,-118.432398971,34.0630851057,-118.431611686,34.0636655917,"010C","10520 Wilshire Blvd,Los Angeles,CA,90024",6037
"6047028","427 BRUSSELS ST","San Francisco","CA",94134,-122.405135887,37.7268204604,-122.405346538,37.7267363239,-122.404925236,37.726904597,NA,"427 BRUSSELS ST,San Francisco,CA,94134",6075
"030 193304700","3846 MAYBELLE AVE","Oakland","CA",94619,-122.192203625,37.7903444622,-122.192565389,37.7900153732,-122.19183329,37.7907214679,"7390","3846 MAYBELLE AVE,Oakland,CA,94619",6001
"4105027008","8111 Handley Ave","Los Angeles","CA",90045,-118.380550917,33.9648813905,-118.380764449,33.9647434102,-118.380330214,33.9650292048,"0104","8111 Handley Ave,Los Angeles,CA,90045",6037
"65958039","3525 CORTE BELLA CT","San Jose","CA",95148,-121.774518245,37.3246594551,-121.774765123,37.3245681891,-121.774276776,37.3247490096,NA,"3525 CORTE BELLA CT,San Jose,CA,95148",6085
"030580010000","14195 BRANDON RD","Pine Grove","CA",95665,-120.635618285,38.4129329691,-120.636916554,38.4120007009,-120.634042777,38.4137243226,NA,"14195 BRANDON RD,Pine Grove,CA,95665",6005
"004-015-034","1280 Franciscan Ct","Carpinteria","CA",93013,-119.537102347,34.4074010887,-119.537155435,34.4073399602,-119.537040684,34.4074678792,"0322","1280 Franciscan Ct,Carpinteria,CA,93013",6083
"309850117","5231 JOSHUA TREE LN","Phelan","CA",92371,-117.549317223,34.4804518656,-117.549825438,34.4800294809,-117.548809616,34.4808749173,"520","5231 JOSHUA TREE LN,Phelan,CA,92371",6071
"5275027084","1620 Neil Armstrong St","Montebello","CA",90640,-118.094817669,34.0381912223,-118.095896486,34.0373108026,-118.09382467,34.0389266555,"010C","1620 Neil Armstrong St,Montebello,CA,90640",6037
"464 002004000","27683 PENSACOLA WAY","Hayward","CA",94544,-122.079418589,37.6294273911,-122.079592564,37.6293484168,-122.079242976,37.629506573,"1100","27683 PENSACOLA WAY,Hayward,CA,94544",6001
"034330051","610 HEATHROW DR","Oakley","CA",94561,-121.727582343,37.9769154303,-121.727793596,37.976825865,-121.727370939,37.9770049725,NA,"610 HEATHROW DR,Oakley,CA,94561",6013
"6111301400","39376 OPALOCKA RD","Boulevard","CA",91905,-116.303329895,32.6986640954,-116.304795071,32.6977805208,-116.301886682,32.6993323454,NA,"39376 OPALOCKA RD,Boulevard,CA,91905",6073
"475 015507100","2433 BALMORAL ST","Union City","CA",94587,-122.056045359,37.5975992204,-122.056213935,37.5974415491,-122.055884025,37.5977608643,"1100","2433 BALMORAL ST,Union City,CA,94587",6001
"3194901700","11704 PETENWELL RD","San Diego","CA",92131,-117.092846882,32.9311179796,-117.093048774,32.9310053564,-117.092643741,32.9312218801,NA,"11704 PETENWELL RD,San Diego,CA,92131",6073
"2110021052","7660 Owensmouth Ave","Box Canyon","CA",91304,-118.601260389,34.2100093752,-118.601458894,34.2099182671,-118.601061875,34.2101004988,"0100","7660 Owensmouth Ave,Box Canyon,CA,91304",6037
"7735601667","6460 CONVOY CT","San Diego","CA",92111,-117.170144421,32.8370976018,-117.172538291,32.8343814214,-117.168314517,32.8393956627,NA,"6460 CONVOY CT,San Diego,CA,92111",6073
"048E732505800","1791 ARROWHEAD DR","Oakland","CA",94611,-122.194935681,37.8383308655,-122.1951253,37.8381669055,-122.194744818,37.8384844189,"1100","1791 ARROWHEAD DR,Oakland,CA,94611",6001
"4227004043","100 Venice Blvd",NA,"CA",90015,-118.469283308,33.9844514586,-118.469464049,33.9842894099,-118.469102555,33.9846135097,"010C","100 Venice Blvd,NA,CA,90015",6037
"8638014008","138 N Glendora Ave",NA,"CA",91741,-117.865051528,34.137188895,-117.865299916,34.1371355849,-117.864803652,34.1372420368,"1100","138 N Glendora Ave,NA,CA,91741",6037
"049-340-022","3574 GREEN HILL DR","Santa Rosa","CA",95404,-122.683053861,38.4261760539,-122.683153186,38.4261055353,-122.682959456,38.4262358996,NA,"3574 GREEN HILL DR,Santa Rosa,CA,95404",6097
"307432022","3065 SNOWDROP CT","Perris","CA",92571,-117.183833129,33.8289679143,-117.184027348,33.8288989084,-117.18363891,33.8290369202,NA,"3065 SNOWDROP CT,Perris,CA,92571",6065
"2446005012","1005 W Orange Grove Ave","Burbank","CA",91506,-118.318560413,34.1746922578,-118.318725995,34.1744860573,-118.318394827,34.1748984504,"0101","1005 W Orange Grove Ave,Burbank,CA,91506",6037
"3196801300","11808 CYPRESS CANYON RD","San Diego","CA",92131,-117.08434217,32.9320875025,-117.084485008,32.9319706463,-117.084196644,32.9322025323,NA,"11808 CYPRESS CANYON RD,San Diego,CA,92131",6073
"021320296","920 PRINCETON AVE","Bakersfield","CA",93305,-118.984080852,35.4074654635,-118.984227399,35.4072567728,-118.98385813,35.4077578489,"0500","920 PRINCETON AVE,Bakersfield,CA,93305",6029
"4184010016","2014 Rhodes St","Hermosa Beach","CA",90254,-118.393186826,33.8702306987,-118.393347404,33.8701361396,-118.393021587,33.8703249835,"0100","2014 Rhodes St,Hermosa Beach,CA,90254",6037
"0830300045","876 TENNYSON LN","Ventura","CA",93003,-119.201597514,34.2692769667,-119.201664978,34.2692361791,-119.201538416,34.2693232367,NA,"876 TENNYSON LN,Ventura,CA,93003",6111
"045 862 05","3195 STABLE DR","West Sacramento","CA",95691,-121.563311111,38.5353388227,-121.563423387,38.5351833389,-121.563195896,38.5355097793,NA,"3195 STABLE DR,West Sacramento,CA,95691",6113
"142022003","193 DUNBLANE DR","Walnut Creek","CA",94598,-122.029980947,37.9202205433,-122.030198119,37.9200417431,-122.029752975,37.9204329327,NA,"193 DUNBLANE DR,Walnut Creek,CA,94598",6013
"03113800580000","7827 RIVER ESTATES DR","Sacramento","CA",95831,-121.543547997,38.4807771124,-121.543755291,38.4806070286,-121.543343539,38.4809476209,NA,"7827 RIVER ESTATES DR,Sacramento,CA,95831",6067
"088670006","83 DOWITCHER CT","Pittsburg","CA",94565,-121.880068226,38.0105245664,-121.880227952,38.0104423921,-121.879908498,38.0106067411,NA,"83 DOWITCHER CT,Pittsburg,CA,94565",6013
"036-290-020","1762 MANOR DR","Larkfield","CA",95403,-122.757556921,38.4533264663,-122.758013781,38.4531656283,-122.757093982,38.4534788489,NA,"1762 MANOR DR,Larkfield,CA,95403",6097
"625261003","74300 OLD PROSPECTOR TRL","Palm Desert","CA",92260,-116.368496191,33.714085905,-116.368658111,33.7139364258,-116.368334089,33.714235439,NA,"74300 OLD PROSPECTOR TRL,Palm Desert,CA,92260",6065
"488040064","2415 HIGHWAY 46","Wasco","CA",93280,-119.352844064,35.6012045427,-119.353080643,35.6009713492,-119.352607669,35.6014381635,"1807","2415 HIGHWAY 46,Wasco,CA,93280",6029
"778290032","52831 ADAM LN","Coachella","CA",92236,-116.178928209,33.6652969879,-116.179089865,33.6652169583,-116.178741545,33.6653815852,NA,"52831 ADAM LN,Coachella,CA,92236",6065
"053-132-013-000","1245 NUNNELEY RD","Paradise","CA",95969,-121.600573741,39.7566799508,-121.600736856,39.7560273443,-121.600410627,39.7573325986,"RS","1245 NUNNELEY RD,Paradise,CA,95969",6007
"067033266","743 BALSAM ST","Ridgecrest","CA",93555,-117.671362839,35.6349643898,-117.671565197,35.6348954626,-117.67116048,35.635033317,"0300","743 BALSAM ST,Ridgecrest,CA,93555",6029
"1350323115","2525 WAXWING AVE","Ventura","CA",93003,-119.199635034,34.2520942811,-119.199815178,34.2519869002,-119.199455132,34.2522017383,NA,"2525 WAXWING AVE,Ventura,CA,93003",6111
"4017024056","614 Venice Way","Inglewood","CA",90302,-118.364968119,33.9702931054,-118.365402459,33.9699340602,-118.364533783,33.9706521396,"010C","614 Venice Way,Inglewood,CA,90302",6037
"310602122","15110 HADDINGTON WAY","George Afb","CA",92394,-117.341415556,34.524914811,-117.341729383,34.5246468436,-117.341202859,34.5251737965,"510","15110 HADDINGTON WAY,George Afb,CA,92394",6071
"4025002045","3500 W Manchester Blvd","Inglewood","CA",90305,-118.330987562,33.9590237001,-118.33103414,33.9589659588,-118.330940988,33.9590814551,"010C","3500 W Manchester Blvd,Inglewood,CA,90305",6037
"222042016000","490 TUCOLAY CT","Merced","CA",95341,-120.490772674,37.2818960795,-120.490874438,37.2817610108,-120.490674413,37.2820375933,"101","490 TUCOLAY CT,Merced,CA,95341",6047
"7016011044","16331 Alora Ave","Norwalk","CA",90650,-118.094719423,33.8827853638,-118.094887598,33.8827131507,-118.094551259,33.8828575905,"0100","16331 Alora Ave,Norwalk,CA,90650",6037
"3711741000","7682 VOLCLAY DR","San Diego","CA",92119,-117.044613576,32.8140910922,-117.044829557,32.813920597,-117.0443977,32.8142612289,NA,"7682 VOLCLAY DR,San Diego,CA,92119",6073
"127-505-002","818 LASUEN ST","Sonoma","CA",95476,-122.472386389,38.2980310539,-122.472512971,38.2978849632,-122.472259611,38.2981764903,NA,"818 LASUEN ST,Sonoma,CA,95476",6097
"5224007001","3207 Medford St",NA,"CA",90063,-118.191902765,34.0616148898,-118.192377151,34.0613206191,-118.191663342,34.0617620832,"3100","3207 Medford St,NA,CA,90063",6037
"4270008005","2317  32nd St","Santa Monica","CA",90405,-118.455447142,34.0257494105,-118.455701798,34.0255784088,-118.455192392,34.0259204143,"0100","2317  32nd St,Santa Monica,CA,90405",6037
"033429218","129 ST ANDREWS DR",NA,NA,92407,-117.226662165,34.2510895597,-117.226884428,34.2509528925,-117.22644413,34.2512251064,"510","129 ST ANDREWS DR,NA,NA,92407",6071
"3063410200","13302 TRAILHEAD PL","San Diego","CA",92129,-117.149998372,32.9608141506,-117.150162559,32.96073204,-117.149834185,32.9608962583,NA,"13302 TRAILHEAD PL,San Diego,CA,92129",6073
"872303029","24800 LINDSAY AVE","Ripley","CA",92225,-114.653656639,33.5240003847,-114.653882813,33.523914876,-114.65343131,33.5240864034,NA,"24800 LINDSAY AVE,Ripley,CA,92225",6065
"2812041047","28341 Nicholas Cir","Santa Clarita","CA",91350,-118.491075943,34.4516449759,-118.491300451,34.4514956812,-118.490823582,34.4517752265,"0100","28341 Nicholas Cir,Santa Clarita,CA,91350",6037
"040-130-069-000","475 KNOLLWOOD DR","Auburn","CA",95603,-121.082865518,38.8866654468,-121.083653453,38.8862224343,-121.082269373,38.8870240995,"01","475 KNOLLWOOD DR,Auburn,CA,95603",6061
"47029216","4445 E BUTLER AVE","FRESNO","CA",93702,-119.751443505,36.7289052107,-119.751548728,36.7287388946,-119.751334944,36.7290732033,"11","4445 E BUTLER AVE,FRESNO,CA,93702",6019
"5080017042","1036 S Serrano Ave","Los Angeles","CA",90006,-118.305994371,34.0514293668,-118.306217455,34.0513018496,-118.305771296,34.0515568809,"010C","1036 S Serrano Ave,Los Angeles,CA,90006",6037
"331310334","5100 DUNSMUIR RD","Bakersfield","CA",93309,-119.057784346,35.3594695346,-119.058239338,35.3589303099,-119.057535107,35.3603198499,"0601","5100 DUNSMUIR RD,Bakersfield,CA,93309",6029
"67850148","29 TENNANT AVE","San Jose","CA",95138,-121.778291751,37.2424164126,-121.77846674,37.2422883273,-121.778116765,37.2425442327,NA,"29 TENNANT AVE,San Jose,CA,95138",6085
"391501006","13697 GLEN CANYON DR","Corona","CA",92883,-117.421614293,33.7251016277,-117.421838658,33.7248532678,-117.421479723,33.7253540921,NA,"13697 GLEN CANYON DR,Corona,CA,92883",6065
"4114029011","7388 W 85th St","Los Angeles","CA",90045,-118.425840972,33.9604087001,-118.425923965,33.9602607885,-118.425757977,33.9605565977,"0100","7388 W 85th St,Los Angeles,CA,90045",6037
"6076023002","11109 S Vermont Ave","August F. Haw","CA",90044,-118.29225948,33.9343030554,-118.292474022,33.9342450761,-118.292044839,33.9343610313,"7700","11109 S Vermont Ave,August F. Haw,CA,90044",6037
"3487701118","3998 CAMINO LINDO","San Diego","CA",92122,-117.219932474,32.8595467794,-117.220576602,32.8590726427,-117.219386348,32.8601411419,NA,"3998 CAMINO LINDO,San Diego,CA,92122",6073
"632240001","41497 INVERNESS WAY","Palm Desert","CA",92211,-116.316190714,33.747338628,-116.316289491,33.7472908331,-116.316092935,33.7473863719,NA,"41497 INVERNESS WAY,Palm Desert,CA,92211",6065
"604423009","78840 WAKEFIELD CIR","La Quinta","CA",92253,-116.2885776,33.7153739457,-116.288774179,33.7152022607,-116.288382995,33.7155459647,NA,"78840 WAKEFIELD CIR,La Quinta,CA,92253",6065
"11917800700000","2836 BERTOLANI CIR","Elk Grove","CA",95758,-121.473447003,38.4229697243,-121.473662335,38.4228015753,-121.473231697,38.42313926,NA,"2836 BERTOLANI CIR,Elk Grove,CA,95758",6067
"142-130-042","142 TEMELEC CIR","Sonoma","CA",95476,-122.494381534,38.2669927438,-122.494550797,38.2668417461,-122.494213154,38.2671403353,NA,"142 TEMELEC CIR,Sonoma,CA,95476",6097
"5053801400","2711 S BARCELONA ST","Spring Valley","CA",91977,-116.982692778,32.7339897389,-116.982878739,32.7338479887,-116.982510771,32.7341316379,NA,"2711 S BARCELONA ST,Spring Valley,CA,91977",6073
"3834800500","9005 CALLE DEL VERDE","Santee","CA",92071,-117.005999925,32.8436930303,-117.006097329,32.8435914641,-117.005899118,32.8437898633,NA,"9005 CALLE DEL VERDE,Santee,CA,92071",6073
"510211022","105 RAINSHADOW CT",NA,NA,93555,-117.670783517,35.5881727911,-117.671083057,35.5880063392,-117.670516036,35.588382235,"0050","105 RAINSHADOW CT,NA,NA,93555",6029
"2654022067","8532 Columbus Ave","North Hills","CA",91343,-118.464873736,34.2255614069,-118.465355208,34.2253851457,-118.464392272,34.2257376825,"010C","8532 Columbus Ave,North Hills,CA,91343",6037
"39720034","14551 HORSESHOE DR","Saratoga","CA",95070,-122.023909166,37.2572852153,-122.024434422,37.2568848891,-122.023475299,37.2577458319,NA,"14551 HORSESHOE DR,Saratoga,CA,95070",6085
"4635045000","12613 PINNACLE LOOP","Truckee","CA",96161,-120.250892743,39.3677919512,-120.25120332,39.3676475749,-120.250582151,39.3679363298,NA,"12613 PINNACLE LOOP,Truckee,CA,96161",6057
"062 287001200","858 PERALTA AVE","Berkeley","CA",94707,-122.28597747,37.8917931168,-122.286152261,37.8917323816,-122.285797714,37.891857007,"1100","858 PERALTA AVE,Berkeley,CA,94707",6001
"5778015016","425 Fairview Ave",NA,"CA",91007,-118.046944861,34.130392942,-118.047304293,34.1303131337,-118.046585756,34.1304729531,"0509","425 Fairview Ave,NA,CA,91007",6037
"016 146701703","1171 OCEAN AVE","Emeryville","CA",94608,-122.286459194,37.8465945694,-122.286942341,37.8463282999,-122.285976069,37.8468608496,"4100","1171 OCEAN AVE,Emeryville,CA,94608",6001
"040A341001100","7725 NEY AVE","Oakland","CA",94605,-122.167775397,37.7673381313,-122.168061593,37.7671470705,-122.167489142,37.7675291536,"1100","7725 NEY AVE,Oakland,CA,94605",6001
"2220330035","5327 BARRYMORE DR","Oxnard","CA",93033,-119.177453177,34.1516072584,-119.177524684,34.1515730613,-119.177371438,34.1516367228,NA,"5327 BARRYMORE DR,Oxnard,CA,93033",6111
"085-200-014","14070 GREEN VALLEY RD","Forestville","CA",95436,-122.946888779,38.471679043,-122.949263399,38.4699968219,-122.945252123,38.4733285442,NA,"14070 GREEN VALLEY RD,Forestville,CA,95436",6097
"54446124","18195 LA VERNE DR","Los Gatos","CA",95033,-121.992780525,37.1561770223,-121.993281635,37.1559285758,-121.992147468,37.1563318112,NA,"18195 LA VERNE DR,Los Gatos,CA,95033",6085
"3642011A","3236 24TH ST","San Francisco","CA",94110,-122.416982662,37.7524800924,-122.417231671,37.7523917174,-122.41683621,37.7526162315,NA,"3236 24TH ST,San Francisco,CA,94110",6075
"12877040","31176 AUBERRY","AUBERRY","CA",93602,-119.496372805,37.0516515381,-119.497919648,37.0512276709,-119.49491445,37.0520883647,"11","31176 AUBERRY,AUBERRY,CA,93602",6019
"7338027027","18317 Milmore Ave","Carson","CA",90746,-118.27506966,33.8639771799,-118.275226425,33.8639001244,-118.274914261,33.8640555585,"0100","18317 Milmore Ave,Carson,CA,90746",6037
"026634133","4405 SYRACUSE DR","Arrowhead Farms","CA",92407,-117.328377523,34.1682679983,-117.328547765,34.1681717765,-117.328207276,34.1683642207,"510","4405 SYRACUSE DR,Arrowhead Farms,CA,92407",6071
"0112300220","823 BROWN RD",NA,NA,95004,-121.593782693,36.8722791531,-121.59508634,36.8715830721,-121.592370257,36.8730272137,NA,"823 BROWN RD,NA,NA,95004",6069
"406192016","106 MULBERRY CT","Hercules","CA",94547,-122.248990363,38.0093672486,-122.249265368,38.0092074927,-122.248744115,38.0095685561,NA,"106 MULBERRY CT,Hercules,CA,94547",6013
"464143024","1294 SORREL DR","Hemet","CA",92545,-116.990333109,33.7261526584,-116.990522949,33.7260421228,-116.990156601,33.7262786258,NA,"1294 SORREL DR,Hemet,CA,92545",6065
"061-292-05","168 ST BERNARD ST","Santa Cruz",NA,95060,-122.037250142,37.000994004,-122.037383906,37.0009288324,-122.037116411,37.0010593384,"020","168 ST BERNARD ST,Santa Cruz,NA,95060",6087
"33428014S","6774 S CHERRY AVE","FRESNO","CA",93725,-119.781078923,36.6378009776,-119.781680212,36.6376238632,-119.7804872,36.637983213,"11","6774 S CHERRY AVE,FRESNO,CA,93725",6019
"164532010","12975 EXCALIBUR DR","Corona","CA",92880,-117.562084934,33.9624369493,-117.562261359,33.9622931367,-117.561908404,33.9625874629,NA,"12975 EXCALIBUR DR,Corona,CA,92880",6065
"38619024","18735 KOSICH DR","Saratoga","CA",95070,-121.998747263,37.2888829579,-121.998984484,37.2886787508,-121.998498245,37.2890872094,NA,"18735 KOSICH DR,Saratoga,CA,95070",6085
"8037036036","13166 Los Alisos St","La Mirada","CA",90638,-117.988393169,33.9109376296,-117.988607808,33.9107733608,-117.988181099,33.9111112293,"010D","13166 Los Alisos St,La Mirada,CA,90638",6037
"7049005013","11228 Agnes St","Cerritos","CA",90703,-118.093583599,33.8554474552,-118.093668625,33.855312423,-118.093498741,33.8555824157,"0100","11228 Agnes St,Cerritos,CA,90703",6037
"8248001009","16604 Kelwood St","La Puente","CA",91744,-117.925955557,34.0350232429,-117.926122467,34.0348834542,-117.925728982,34.0351671484,"0101","16604 Kelwood St,La Puente,CA,91744",6037
"419563008","1544 LELAND ST","Beaumont","CA",92223,-116.953097959,33.9214490282,-116.953187305,33.921308618,-116.953008423,33.9215898746,NA,"1544 LELAND ST,Beaumont,CA,92223",6065
"08014515","968 TURNBACK TRL","S Lake Tahoe","CA",96150,-119.982636221,38.9026876729,-119.98281706,38.9025399582,-119.98241457,38.9028717681,"11","968 TURNBACK TRL,S Lake Tahoe,CA,96150",6017
"034912146","896 KIMBARK AVE","Arrowhead Farms","CA",92407,-117.41019251,34.2363485377,-117.4104263,34.236199705,-117.409958718,34.2364973704,"510","896 KIMBARK AVE,Arrowhead Farms,CA,92407",6071
"5957810500","360 PLAZA LOS OSOS","Chula Vista","CA",91914,-116.978522112,32.6671678489,-116.978684209,32.6670412645,-116.978360015,32.6672944323,NA,"360 PLAZA LOS OSOS,Chula Vista,CA,91914",6073
"407050566","16614 BARTON LN","Bakersfield","CA",93314,-119.186818773,35.3722024673,-119.18716439,35.3715048009,-119.186473019,35.3729006425,"0106","16614 BARTON LN,Bakersfield,CA,93314",6029
"053-020-002-000","340 JUNIPER DR","Auburn","CA",95602,-121.046330616,38.9491858305,-121.046952821,38.9483974704,-121.04573422,38.9498345527,"01","340 JUNIPER DR,Auburn,CA,95602",6061
"42429108","4435 N EMERSON AVE","FRESNO","CA",93705,-119.837197081,36.7985436678,-119.83737904,36.7983608955,-119.837015121,36.7987264402,"11","4435 N EMERSON AVE,FRESNO,CA,93705",6019
"304602136","13383 ELM ST","Hesperia","CA",92344,-117.370618791,34.407285521,-117.370750883,34.4071191259,-117.370486696,34.4074519192,"510","13383 ELM ST,Hesperia,CA,92344",6071
"424154012000","1454 SAN FRANCISCO ST",NA,NA,93635,-120.828364708,37.072283085,-120.828497882,37.0721414354,-120.828233803,37.0724210166,"1001","1454 SAN FRANCISCO ST,NA,NA,93635",6047
"8760018031","20805 Northampton St","Walnut","CA",91789,-117.850718912,34.0022965624,-117.850827483,34.0021251408,-117.850611096,34.0024687503,"0101","20805 Northampton St,Walnut,CA,91789",6037
"015460104","5434 N STODDARD AVE","Arrowhead Farms","CA",92407,-117.293775146,34.1785426359,-117.293949542,34.1784386816,-117.293600752,34.1786465909,"510","5434 N STODDARD AVE,Arrowhead Farms,CA,92407",6071
"2803012001","19005 Wellhaven St","Canyon Country","CA",91351,-118.466579308,34.4178909737,-118.466671814,34.417737147,-118.466485746,34.4180421874,"0100","19005 Wellhaven St,Canyon Country,CA,91351",6037
"330180044","26251 WHEAT ST","Romoland","CA",92585,-117.219713656,33.7398667129,-117.219976931,33.7394128547,-117.219450634,33.7403204461,NA,"26251 WHEAT ST,Romoland,CA,92585",6065
"285390062","17051 SINGINGBIRD LN","Riverside","CA",92504,-117.361676103,33.8488642198,-117.361919748,33.8483416145,-117.361435212,33.8493908784,NA,"17051 SINGINGBIRD LN,Riverside,CA,92504",6065
"4363830700","5724 MILDRED ST","San Diego","CA",92110,-117.190416581,32.7687496699,-117.190535463,32.7685992339,-117.190298951,32.7688997309,NA,"5724 MILDRED ST,San Diego,CA,92110",6073
"6610091275","886 DANVERS CIR","Newbury Park","CA",91320,-118.949068402,34.1625955157,-118.949267403,34.1623540261,-118.94893541,34.1627709949,NA,"886 DANVERS CIR,Newbury Park,CA,91320",6111
"04802600190000","16 DEL LUNA CT","Sacramento","CA",95822,-121.481627566,38.4837114333,-121.481790838,38.4836093689,-121.481417989,38.4837916927,NA,"16 DEL LUNA CT,Sacramento,CA,95822",6067
"212240402","21430 REED PL","Calif City","CA",93505,-117.938510105,35.1319943745,-117.938756393,35.1317959467,-117.938187422,35.1321312652,"0101","21430 REED PL,Calif City,CA,93505",6029
"101056206","1444 W VESTA ST","Ontario","CA",91762,-117.678458088,34.0656961897,-117.67857856,34.0655570425,-117.678337617,34.0658353368,"510","1444 W VESTA ST,Ontario,CA,91762",6071
"5347008076","23 Palmetto Dr","Alhambra","CA",91801,-118.124052066,34.0876848397,-118.124308342,34.0874043024,-118.123808714,34.0879855222,"010E","23 Palmetto Dr,Alhambra,CA,91801",6037
"412381036","148 WESTGATE CIR","Hilltop Mall","CA",94806,-122.355238745,37.9685474326,-122.355361862,37.9684857745,-122.355125526,37.9686008692,NA,"148 WESTGATE CIR,Hilltop Mall,CA,94806",6013
"310446216","13883 COLORADO LN","George Afb","CA",92394,-117.360757107,34.5257665876,-117.360937225,34.5256065876,-117.360579165,34.5259330542,"510","13883 COLORADO LN,George Afb,CA,92394",6071
"5031000200","8980 SWITZER DR","Spring Valley","CA",91977,-117.004228014,32.7435593316,-117.004421705,32.7433983727,-117.003980245,32.7436797664,NA,"8980 SWITZER DR,Spring Valley,CA,91977",6073
"123240145","2901 ELMWOOD AVE","Bakersfield","CA",93305,-118.992610368,35.4008941571,-118.992897423,35.4007111043,-118.992294444,35.4011857088,"0101","2901 ELMWOOD AVE,Bakersfield,CA,93305",6029
"7055010008","12037 Yearling St","Cerritos","CA",90703,-118.075165474,33.8495470858,-118.075249319,33.8494022212,-118.075081597,33.8496919694,"0100","12037 Yearling St,Cerritos,CA,90703",6037
"45214206","1906 E TYLER AVE","FRESNO","CA",93701,-119.78811201,36.7551926689,-119.788198957,36.7550130925,-119.788025076,36.7553722066,"22","1906 E TYLER AVE,FRESNO,CA,93701",6019
"7035019030","17704 Alburtis Ave","Artesia","CA",90701,-118.084056546,33.8701192769,-118.0843483,33.8700647506,-118.083767807,33.8701752319,"0300","17704 Alburtis Ave,Artesia,CA,90701",6037
"018158211","1485 RIVERSIDE DR","Barstow","CA",92311,-117.000663303,34.8975759455,-117.000932633,34.8974211296,-117.000393973,34.897730763,"510","1485 RIVERSIDE DR,Barstow,CA,92311",6071
"011351038000","553 HACIENDA ST","Madera","CA",93638,-120.040316421,36.947195967,-120.040483281,36.9471313516,-120.040149887,36.9472606175,"RXXV","553 HACIENDA ST,Madera,CA,93638",6039
"8087005013","14537 Figueras Rd","La Mirada","CA",90638,-118.015732436,33.8978044788,-118.015922847,33.8976568108,-118.015542115,33.8979499025,"0101","14537 Figueras Rd,La Mirada,CA,90638",6037
"030010021000","18320 SHAKE RIDGE RD","Sutter Creek","CA",95685,-120.68508373,38.4460394929,-120.687784588,38.4452812661,-120.683681721,38.4472231039,NA,"18320 SHAKE RIDGE RD,Sutter Creek,CA,95685",6005
"2982036","1065 PORTOLA DR","San Francisco","CA",94127,-122.457907654,37.74047742,-122.458037325,37.7403566493,-122.457777239,37.7405992198,NA,"1065 PORTOLA DR,San Francisco,CA,94127",6075
"065142022000","39333 MOONRAY CT","Oakhurst","CA",93644,-119.624289514,37.3202511045,-119.624998136,37.3197551134,-119.623580741,37.3207823667,"RAXX","39333 MOONRAY CT,Oakhurst,CA,93644",6039
"946 320124200","4701 SAGINAW CIR","Pleasanton","CA",94588,-121.881327941,37.6905768503,-121.881400161,37.6905421318,-121.88125572,37.6906115688,"1500","4701 SAGINAW CIR,Pleasanton,CA,94588",6001
"5092016012","3915 W Olympic Blvd",NA,"CA",90019,-118.320036142,34.0538869042,-118.320184534,34.0537269896,-118.319889515,34.0540455216,"6530","3915 W Olympic Blvd,NA,CA,90019",6037
"3078008010","Vac/136 Ste/Vic Ave N10",NA,"CA",0,-117.887022849,34.6225853607,-117.887591285,34.6221237504,-117.886454457,34.623046945,"580V","Vac/136 Ste/Vic Ave N10,NA,CA,0",6037
"6268026015","15351 Bellota Ave","Paramount","CA",90723,-118.146121478,33.8930715636,-118.146283979,33.8930302871,-118.145958928,33.8931128864,"0100","15351 Bellota Ave,Paramount,CA,90723",6037
"2035023025","6140 Fenwood Ave","Woodland Hills","CA",91367,-118.633710054,34.1817734302,-118.634031339,34.1815346161,-118.633416352,34.1820235634,"0100","6140 Fenwood Ave,Woodland Hills,CA,91367",6037
"7241016007","601 Quincy Ave","Long Beach","CA",90814,-118.139660491,33.7737152366,-118.139894266,33.7735951342,-118.139463636,33.7738174722,"0400","601 Quincy Ave,Long Beach,CA,90814",6037
"6058021010","10515 S St Andrews Pl","Los Angeles","CA",90047,-118.311534816,33.9404481606,-118.311749265,33.9403790521,-118.311320353,33.9405172096,"0100","10515 S St Andrews Pl,Los Angeles,CA,90047",6037
"67665029","3878 LINTON CT","San Jose","CA",95121,-121.797846815,37.2989722846,-121.798055177,37.2988309057,-121.797641013,37.2991059082,NA,"3878 LINTON CT,San Jose,CA,95121",6085
"4875700400","1250 EL MIO DR","El Cajon","CA",92020,-116.979465182,32.7917893711,-116.979589138,32.7916385985,-116.979342619,32.7919399053,NA,"1250 EL MIO DR,El Cajon,CA,92020",6073
"051331001","2237 OAKLEY RD","Antioch","CA",94509,-121.771245579,37.9991221325,-121.771508393,37.9989214012,-121.771108014,37.999251841,NA,"2237 OAKLEY RD,Antioch,CA,94509",6013
"7716330439","220 CAMINO CORTO","Vista","CA",92083,-117.249709044,33.2022745174,-117.251141078,33.2011806029,-117.247944338,33.203248957,NA,"220 CAMINO CORTO,Vista,CA,92083",6073
"6212018002","2906 Hill St","Huntington Park","CA",90255,-118.21819633,33.9665317616,-118.218302921,33.9663601566,-118.21808979,33.966703076,"0100","2906 Hill St,Huntington Park,CA,90255",6037
"3003052001","39446 Harvard Ln","City Ranch","CA",93551,-118.183408033,34.5996986155,-118.183592688,34.5995980116,-118.183220258,34.5997985237,"0101","39446 Harvard Ln,City Ranch,CA,93551",6037
"021 025401300","2023   21ST AVE","Oakland","CA",94606,-122.23489067,37.7898679241,-122.235070468,37.7897413645,-122.234710872,37.7899944843,"1100","2023   21ST AVE,Oakland,CA,94606",6001
"065 262201100","1031 VENTURA AVE","Albany","CA",94706,-122.283659764,37.885738897,-122.283860939,37.8856511021,-122.2834573,37.8858281067,"1100","1031 VENTURA AVE,Albany,CA,94706",6001
"8684043064","523 Hidden Valley Dr",NA,"CA",91702,-117.914753076,34.1482147459,-117.916171174,34.1471637002,-117.913225907,34.1488344328,"010C","523 Hidden Valley Dr,NA,CA,91702",6037
"7218012034","2314 Roycroft Ave","Long Beach","CA",90815,-118.138225517,33.8000269928,-118.138393289,33.799939617,-118.13805772,33.8001143793,"0100","2314 Roycroft Ave,Long Beach,CA,90815",6037
"7585014057","9 Pepper Tree Ln","Palos Verdes Peninsula","CA",90274,-118.392089119,33.7611022169,-118.393237579,33.7602435288,-118.390890966,33.761821697,"010D","9 Pepper Tree Ln,Palos Verdes Peninsula,CA,90274",6037
"48143043","1864 VIRGINIA AVE","San Jose","CA",95116,-121.845573612,37.346242182,-121.845780027,37.3460640718,-121.845366646,37.3464207123,NA,"1864 VIRGINIA AVE,San Jose,CA,95116",6085
"48415055","2713 CONCETTA CT","San Jose","CA",95127,-121.840519033,37.3683420677,-121.840649582,37.3682323572,-121.840388452,37.3684517739,NA,"2713 CONCETTA CT,San Jose,CA,95127",6085
"058602041000","520 WETLANDS EDGE RD","American Canyon","CA",94503,-122.271138757,38.1784254326,-122.271364045,38.1783138786,-122.270913506,38.1785369675,"111","520 WETLANDS EDGE RD,American Canyon,CA,94503",6055
"394370308","9703 FITZGERALD DR","Bakersfield","CA",93311,-119.110832042,35.3153937406,-119.110994367,35.3152043502,-119.110642321,35.3155730842,"0101","9703 FITZGERALD DR,Bakersfield,CA,93311",6029
"2269021040","13845 Riverside Dr","Sherman Oaks","CA",91423,-118.434544428,34.1579114716,-118.435131181,34.1577460841,-118.43396001,34.1580762577,"010C","13845 Riverside Dr,Sherman Oaks,CA,91423",6037
"5011009003","4025 Olympiad Dr",NA,"CA",90043,-118.345928604,34.0004446901,-118.346066909,34.0002760189,-118.345820428,34.000628002,"0101","4025 Olympiad Dr,NA,CA,90043",6037
"047-070-030-000","7081 ROBIN HOOD WAY","Granite Bay","CA",95746,-121.16901691,38.747705526,-121.169209232,38.747449442,-121.168824649,38.7479613367,"01","7081 ROBIN HOOD WAY,Granite Bay,CA,95746",6061
"113061069","1885 FARM BUREAU RD","Concord","CA",94519,-122.014546971,37.9821786375,-122.014763408,37.9820079773,-122.014330872,37.982350139,NA,"1885 FARM BUREAU RD,Concord,CA,94519",6013
"6341500200","2215 INGRID AVE","San Diego","CA",92154,-117.085908945,32.5725677208,-117.086006452,32.5724335067,-117.085811683,32.5727015197,NA,"2215 INGRID AVE,San Diego,CA,92154",6073
"487013016","12205 CHAMPLAIN ST","Moreno Valley","CA",92557,-117.211801034,33.943473804,-117.212011491,33.943321007,-117.211588759,33.9436200463,NA,"12205 CHAMPLAIN ST,Moreno Valley,CA,92557",6065
"013-214-014","1123 UTAH CT","Santa Rosa","CA",95405,-122.67036821,38.4444283837,-122.670702482,38.4442261966,-122.670111368,38.4446735414,NA,"1123 UTAH CT,Santa Rosa,CA,95405",6097
"013-070-043","802 Westmont Rd","Montecito","CA",93108,-119.665903474,34.4473192304,-119.666070498,34.4471855642,-119.665707289,34.4474458893,"0199","802 Westmont Rd,Montecito,CA,93108",6083
"041123111","18045 WILLOW ST","Hesperia","CA",92345,-117.268967076,34.426594857,-117.269301484,34.4263585356,-117.268583404,34.4268897762,"510","18045 WILLOW ST,Hesperia,CA,92345",6071
"34026303","249 CARTER WAY","FOWLER","CA",93625,-119.684921298,36.6376515387,-119.685043644,36.637505538,-119.68479693,36.6377957428,"11","249 CARTER WAY,FOWLER,CA,93625",6019
"201490091","1152 MOSCATO ST","Mc Farland","CA",93250,-119.235753132,35.6639734216,-119.235940166,35.6638905241,-119.235566187,35.6640564079,"0101","1152 MOSCATO ST,Mc Farland,CA,93250",6029
"5142026901","1533 W 7th St","Los Angeles","CA",90017,-118.270260879,34.0537890103,-118.270432444,34.0536204602,-118.270089221,34.0539575025,"2600","1533 W 7th St,Los Angeles,CA,90017",6037
"138-010-056","799 W MARINETTE AVE","Exeter","CA",93221,-119.150484575,36.3089782358,-119.15113324,36.3081033139,-119.149820604,36.3098498131,NA,"799 W MARINETTE AVE,Exeter,CA,93221",6107
"26931029","1932 DE LA PENA AVE","Santa Clara","CA",95050,-121.956485444,37.3427498321,-121.956600697,37.342582026,-121.956370126,37.3429166388,NA,"1932 DE LA PENA AVE,Santa Clara,CA,95050",6085
"484081026","25991 BRODIAEA AVE","Moreno Valley","CA",92553,-117.209224101,33.9134316958,-117.209358222,33.913266471,-117.209082515,33.9136055308,NA,"25991 BRODIAEA AVE,Moreno Valley,CA,92553",6065
"2842038029","19508 White Rock Ct","Newhall","CA",91321,-118.477193458,34.395925889,-118.477331023,34.3958035173,-118.477055539,34.3960495615,"0100","19508 White Rock Ct,Newhall,CA,91321",6037
"45124071","4060 JARVIS AVE","San Jose","CA",95118,-121.891740952,37.2636471298,-121.89194823,37.2635205925,-121.891533572,37.2637733206,NA,"4060 JARVIS AVE,San Jose,CA,95118",6085
"6280083045","3470 TRAVIS AVE","Santa Susana","CA",93063,-118.698312265,34.2985269625,-118.698510007,34.298380577,-118.698114707,34.298673599,NA,"3470 TRAVIS AVE,Santa Susana,CA,93063",6111
"28414013","1641 ISABEL DR","San Jose","CA",95125,-121.91439609,37.3010661287,-121.914599853,37.300922725,-121.914177694,37.3011865528,NA,"1641 ISABEL DR,San Jose,CA,95125",6085
"031115117","209 W MOJAVE BLVD",NA,NA,92314,-116.847906377,34.2606436049,-116.847989146,34.2605058777,-116.847823608,34.2607813319,"510","209 W MOJAVE BLVD,NA,NA,92314",6071
"043 459901600","2018   88TH AVE","Oakland","CA",94621,-122.167975238,37.7542055007,-122.168140333,37.7540358595,-122.167810142,37.7543751413,"1100","2018   88TH AVE,Oakland,CA,94621",6001
"245050024","3690 HASTINGS CT","Lafayette","CA",94549,-122.128185964,37.902097198,-122.128653369,37.901466283,-122.127631553,37.9025235779,NA,"3690 HASTINGS CT,Lafayette,CA,94549",6013
"016-141-02","325 BRENNAN ST","Corralitos","CA",95076,-121.761368429,36.9172991017,-121.761568689,36.9171500055,-121.761173533,36.9174504642,"020","325 BRENNAN ST,Corralitos,CA,95076",6087
"59906052","3176 GOLF DR","San Jose","CA",95127,-121.839092441,37.3833377666,-121.839269898,37.3831567473,-121.838914918,37.383518895,NA,"3176 GOLF DR,San Jose,CA,95127",6085
"2293013001","3300 Red Rose Dr","Encino","CA",91436,-118.483608916,34.1340718105,-118.483877636,34.1338333322,-118.483353105,34.1343655447,"0101","3300 Red Rose Dr,Encino,CA,91436",6037
"5335746223","500 E ST","San Diego","CA",92101,-117.159858821,32.7148372146,-117.160022156,32.7147674949,-117.159695484,32.7149069422,NA,"500 E ST,San Diego,CA,92101",6073
"6245007045","12220 Horley Ave","Downey","CA",90242,-118.152672311,33.9321736964,-118.152893215,33.9320266968,-118.152451727,33.9323206005,"0100","12220 Horley Ave,Downey,CA,90242",6037
"7076014015","12313 223rd St","Hawaiian Gardens","CA",90716,-118.069286164,33.8264193567,-118.069370922,33.8262727583,-118.06920142,33.8265659317,"0100","12313 223rd St,Hawaiian Gardens,CA,90716",6037
"433473022","988 AUSTIN CT","Gilman Hot Springs","CA",92583,-116.977422633,33.809185735,-116.97753047,33.8090304543,-116.977312023,33.8093553,NA,"988 AUSTIN CT,Gilman Hot Springs,CA,92583",6065
"011450023000","314 SAN MARINO CT","Hanford","CA",93230,-119.641220753,36.3108490623,-119.641349149,36.310718609,-119.64101104,36.3110767695,"100","314 SAN MARINO CT,Hanford,CA,93230",6031
"508412002","1245 S SUNRISE WAY","Palm Springs","CA",92264,-116.528539961,33.8063129054,-116.528705804,33.8061532096,-116.528377292,33.8064737899,NA,"1245 S SUNRISE WAY,Palm Springs,CA,92264",6065
"8177008017","10544 Ben Avon St","Los Nietos","CA",90606,-118.08153592,33.9730223077,-118.081703535,33.9728552489,-118.081399744,33.973190259,"0100","10544 Ben Avon St,Los Nietos,CA,90606",6037
"258-180-003-000","20190 SPRING GARDEN RD","Foresthill","CA",95631,-120.899973493,39.0056498975,-120.900340963,39.0048044109,-120.899599843,39.0064448455,"01","20190 SPRING GARDEN RD,Foresthill,CA,95631",6061
"4498673922","2828 FAMOSA BLVD","San Diego","CA",92107,-117.229658796,32.7513149385,-117.229983796,32.7509975787,-117.22943838,32.7515999169,NA,"2828 FAMOSA BLVD,San Diego,CA,92107",6073
"8367012010","321 Valera Ave","Pomona","CA",91767,-117.744567409,34.1025854218,-117.744694485,34.1024422039,-117.744442092,34.1027271699,"0100","321 Valera Ave,Pomona,CA,91767",6037
"5010005010","5046 Southridge Ave",NA,"CA",90043,-118.350141307,33.9971356892,-118.350280846,33.9970025512,-118.349990867,33.9972626563,"0100","5046 Southridge Ave,NA,CA,90043",6037
"15009009","1936 HACKETT AVE","Mountain View","CA",94043,-122.092749006,37.4042794137,-122.092923779,37.4041048211,-122.092574089,37.4044536165,NA,"1936 HACKETT AVE,Mountain View,CA,94043",6085
"442 006508400","25682 BARNARD ST","Hayward","CA",94545,-122.101255924,37.6421217787,-122.10141011,37.6420450753,-122.10110295,37.6422005362,"1100","25682 BARNARD ST,Hayward,CA,94545",6001
"1198036","1631 GROVE ST","San Francisco","CA",94117,-122.443437014,37.7749463083,-122.443517173,37.7747545202,-122.443356854,37.7751380957,NA,"1631 GROVE ST,San Francisco,CA,94117",6075
"8745016024","537 Helmsdale Ave",NA,"CA",91744,-117.930533343,34.029105391,-117.930714233,34.0290136964,-117.930351502,34.0291986533,"0100","537 Helmsdale Ave,NA,CA,91744",6037
"20311300120000","3912 DIANE DR","Antelope","CA",95843,-121.37281766,38.7189652004,-121.372932175,38.7188310961,-121.372703146,38.7191001812,NA,"3912 DIANE DR,Antelope,CA,95843",6067
"3451101697","4437 VIA PRECIPICIO","San Diego","CA",92122,-117.210831989,32.8675719538,-117.211051874,32.8671785466,-117.209515835,32.8688056132,NA,"4437 VIA PRECIPICIO,San Diego,CA,92122",6073
"7338025055","18020 Cairo Ave","Carson","CA",90746,-118.272020436,33.8659978372,-118.272177047,33.8659203021,-118.271862768,33.8660736833,"0100","18020 Cairo Ave,Carson,CA,90746",6037
"36341203","1832 N EAST AVE","REEDLEY","CA",93654,-119.444387049,36.6125608141,-119.44458368,36.612436477,-119.444190419,36.6126851517,"11","1832 N EAST AVE,REEDLEY,CA,93654",6019
"16522034","988 ALPINE TER","Sunnyvale","CA",94086,-122.042547086,37.3834731691,-122.042629179,37.383432002,-122.042465025,37.3835143195,NA,"988 ALPINE TER,Sunnyvale,CA,94086",6085
"8432027009","304 N Armel Dr","Covina","CA",91722,-117.902656875,34.0879876817,-117.902834036,34.0878698464,-117.902478997,34.0881060083,"0101","304 N Armel Dr,Covina,CA,91722",6037
"5830921300","732 SUNNYSIDE AVE","San Diego","CA",92114,-117.026600884,32.7126066939,-117.026804818,32.7124677703,-117.026398029,32.7127579784,NA,"732 SUNNYSIDE AVE,San Diego,CA,92114",6073
"12316410","801 ROYAL TROON PL","El Dorado Hills","CA",95762,-121.039434618,38.6828544249,-121.039532744,38.682675071,-121.039336493,38.6830337783,"11","801 ROYAL TROON PL,El Dorado Hills,CA,95762",6017
"4102015070","6495 Bradley Pl","Baldwin Hills","CA",90056,-118.371535399,33.9810138891,-118.371703612,33.980939309,-118.371367135,33.9810883298,"0100","6495 Bradley Pl,Baldwin Hills,CA,90056",6037
"392200036","27487 TREFOIL ST","Murrieta","CA",92562,-117.181930352,33.6109499713,-117.182070297,33.6107810448,-117.181790162,33.6111188774,NA,"27487 TREFOIL ST,Murrieta,CA,92562",6065
"4047014026","4261 W 118th St",NA,"CA",90250,-118.349672221,33.927464649,-118.349767882,33.92739165,-118.349576644,33.9275377807,"0100","4261 W 118th St,NA,CA,90250",6037
"2633001001","12351 Roscoe Blvd","Sun Valley","CA",91352,-118.402672633,34.2219396356,-118.402968889,34.2217911003,-118.402460692,34.2222002266,"0100","12351 Roscoe Blvd,Sun Valley,CA,91352",6037
"3140003022","802 E Avenue J","Hi Vista","CA",93535,-118.114198405,34.6890073168,-118.114523642,34.6886974102,-118.113873303,34.6893168359,"2630","802 E Avenue J,Hi Vista,CA,93535",6037
"288020000000","435 LAKEVIEW BLVD",NA,NA,93546,-118.991152727,37.643968061,-118.991205302,37.643921107,-118.991100153,37.6440150125,"HDR","435 LAKEVIEW BLVD,NA,NA,93546",6051
"5338035045","134 N 4th St",NA,"CA",91801,-118.132333557,34.095419236,-118.132598451,34.0952511062,-118.132070262,34.0955888974,"010C","134 N 4th St,NA,CA,91801",6037
"2696008003","17205 Ludlow St","Granada Hills","CA",91344,-118.508032079,34.2711819223,-118.508143359,34.2709557745,-118.50792082,34.2714081696,"0101","17205 Ludlow St,Granada Hills,CA,91344",6037
"027322135","7159 FAIRFAX DR","San Bernardino","CA",92404,-117.256991655,34.1238333327,-117.257297139,34.1237644204,-117.256686371,34.1239022297,"510","7159 FAIRFAX DR,San Bernardino,CA,92404",6071
"6152021003","2108 N Grape Ave",NA,"CA",90222,-118.236931465,33.9115360932,-118.237096311,33.9114673889,-118.236766696,33.911604793,"0100","2108 N Grape Ave,NA,CA,90222",6037
"1222500100","4824 STEPHANIE PL","Oceanside","CA",92057,-117.30343251,33.2587932116,-117.303593287,33.2586328189,-117.303276539,33.2589528919,NA,"4824 STEPHANIE PL,Oceanside,CA,92057",6073
"3135930900","15934 CAMINO CRISALIDA","San Diego","CA",92127,-117.097493825,33.002508529,-117.097679985,33.0023950291,-117.097313508,33.002621952,NA,"15934 CAMINO CRISALIDA,San Diego,CA,92127",6073
"778242004","52173 JENNIFER WAY","Coachella","CA",92236,-116.180606013,33.6701742281,-116.180770891,33.6700837663,-116.18044075,33.6702642518,NA,"52173 JENNIFER WAY,Coachella,CA,92236",6065
"279313002","3931 CAMELBACK CIR","Corona","CA",92883,-117.526659761,33.8203528027,-117.526865312,33.8201998976,-117.526445748,33.8205055483,NA,"3931 CAMELBACK CIR,Corona,CA,92883",6065
"453 003002600","849 SAINT BEDE LN","Hayward","CA",94544,-122.077749995,37.6376722012,-122.077848714,37.6375299571,-122.077649621,37.6378151763,"1100","849 SAINT BEDE LN,Hayward,CA,94544",6001
"2827037035","24380 Crestview Dr","Newhall","CA",91321,-118.540962113,34.3670225431,-118.541426065,34.3665978712,-118.54052454,34.3674709857,"0100","24380 Crestview Dr,Newhall,CA,91321",6037
"11919600180000","9040 TESTERMAN WAY","Elk Grove","CA",95758,-121.456314412,38.4300382381,-121.456515291,38.4299552511,-121.456122236,38.4301201669,NA,"9040 TESTERMAN WAY,Elk Grove,CA,95758",6067
"543 040405900","32231 HORATIO CT","Union City","CA",94587,-122.053253677,37.5929260446,-122.053510478,37.5927662899,-122.053032994,37.5930434449,"1100","32231 HORATIO CT,Union City,CA,94587",6001
"074354013","2130 Sombrero Dr","Los Osos","CA",93402,-120.805042299,35.3062038805,-120.805545346,35.3058824448,-120.804538802,35.3065249283,NA,"2130 Sombrero Dr,Los Osos,CA,93402",6079
"210763002","2180 BENT CREEK DR","San Ramon","CA",94582,-121.912405831,37.7307387667,-121.912574807,37.7306511411,-121.912236855,37.730826392,NA,"2180 BENT CREEK DR,San Ramon,CA,94582",6013
"074343005","2205 PEPPERTREE WAY","Antioch","CA",94509,-121.821227411,38.0025855142,-121.821284981,38.0025194301,-121.821169642,38.0026517668,NA,"2205 PEPPERTREE WAY,Antioch,CA,94509",6013
"1770621100","1435 VALE TERRACE DR","Vista","CA",92084,-117.219252488,33.205776141,-117.21958571,33.2055686249,-117.218880943,33.2060211307,NA,"1435 VALE TERRACE DR,Vista,CA,92084",6073
"455 005200500","2067 DUVAL LN","Hayward","CA",94545,-122.092020467,37.6314157514,-122.09212538,37.6312656166,-122.091906055,37.631558311,"1100","2067 DUVAL LN,Hayward,CA,94545",6001
"5839009029","2195 El Molino Ave",NA,"CA",91001,-118.135264369,34.1832832223,-118.135474488,34.183106554,-118.135054198,34.1834599442,"0100","2195 El Molino Ave,NA,CA,91001",6037
"7723237805","955 HOWARD AVE","Escondido","CA",92029,-117.111229221,33.1137753656,-117.11243429,33.1127452741,-117.10996078,33.1147218611,NA,"955 HOWARD AVE,Escondido,CA,92029",6073
"11821323","1036 GEMWOOD WAY","El Dorado Hills","CA",95762,-121.054527454,38.6245961242,-121.054788843,38.6243451647,-121.054325478,38.6248179674,"11","1036 GEMWOOD WAY,El Dorado Hills,CA,95762",6017
"4305029007","1911 Hillsboro Ave","Los Angeles","CA",90035,-118.390507799,34.0459434869,-118.390771448,34.0458580495,-118.39024831,34.0460343646,"0100","1911 Hillsboro Ave,Los Angeles,CA,90035",6037
"7587009109","28441 Highridge Rd","Rllng Hls Est","CA",90274,-118.381583055,33.772750091,-118.381944677,33.7719262304,-118.381341739,33.773348778,"170C","28441 Highridge Rd,Rllng Hls Est,CA,90274",6037
"058416309","11428 SAN JACINTO ST","Morongo Valley","CA",92256,-116.581745171,34.0443654737,-116.582711795,34.0442301143,-116.580923395,34.0445092462,"0","11428 SAN JACINTO ST,Morongo Valley,CA,92256",6071
"5484035018","6028 Monte Vista St","Highland Park","CA",90042,-118.190274676,34.1134950154,-118.190469049,34.1132870053,-118.190080301,34.1137030335,"0100","6028 Monte Vista St,Highland Park,CA,90042",6037
"7136024012","4540 Keever Ave",NA,"CA",90807,-118.170017964,33.8395425316,-118.170232966,33.8394005601,-118.169802129,33.8396694915,"0100","4540 Keever Ave,NA,CA,90807",6037
"7162015054","8809 Ramona St","Bellflower","CA",90706,-118.144440609,33.873412431,-118.144548187,33.8729868256,-118.144331276,33.8738401354,"010V","8809 Ramona St,Bellflower,CA,90706",6037
"144-360-057","7115 MARSH WAY","Cotati","CA",94931,-122.702867523,38.3259486181,-122.703050401,38.3258215834,-122.702693714,38.3260846107,NA,"7115 MARSH WAY,Cotati,CA,94931",6097
"031108715","302 S PINEVIEW DR",NA,NA,92314,-116.858945154,34.2589055591,-116.859248028,34.2588691854,-116.858637617,34.2589420807,"510","302 S PINEVIEW DR,NA,NA,92314",6071
"053-341-005","3087 Calle Rosales","Santa Barbara","CA",93105,-119.730111438,34.4421419424,-119.730206414,34.4419321598,-119.730018841,34.4423560722,"0100","3087 Calle Rosales,Santa Barbara,CA,93105",6083
"44703070","3073 SAN LUIS REY AVE","San Jose","CA",95118,-121.90145659,37.2707420709,-121.901649372,37.270621079,-121.901264972,37.2708635947,NA,"3073 SAN LUIS REY AVE,San Jose,CA,95118",6085
"1542101800","1788 IVY RD","Oceanside","CA",92054,-117.346240723,33.184761263,-117.346553902,33.1845663415,-117.345953823,33.1849724489,NA,"1788 IVY RD,Oceanside,CA,92054",6073
"3133717400","11272 SILVER BUCKLE WAY","San Diego","CA",92127,-117.0881482,33.0033163299,-117.088275689,33.0031665397,-117.088024824,33.0034637507,NA,"11272 SILVER BUCKLE WAY,San Diego,CA,92127",6073
"4457113000","3994 IDAHO ST","San Diego","CA",92104,-117.134073104,32.7501470269,-117.134154535,32.7500781426,-117.13399168,32.7502159097,NA,"3994 IDAHO ST,San Diego,CA,92104",6073
"36217054","7802 FESTIVAL DR","Cupertino","CA",95014,-122.043201548,37.3094596301,-122.043454899,37.3093076232,-122.042963032,37.3095962986,NA,"7802 FESTIVAL DR,Cupertino,CA,95014",6085
"2753802200","12820 VIA DEL TORO","Poway","CA",92064,-117.053027143,33.0129766824,-117.053420611,33.0126180088,-117.052583407,33.0133460789,NA,"12820 VIA DEL TORO,Poway,CA,92064",6073
"6138019011","610 S Aprilia Ave","Compton","CA",90220,-118.255073723,33.8896819972,-118.255283447,33.8895832701,-118.25486405,33.8897807432,"0100","610 S Aprilia Ave,Compton,CA,90220",6037
"030011042","7261 Santa Ysabel Ave","Atascadero","CA",93422,-120.66035827,35.4856147128,-120.660528812,35.4854646792,-120.660188401,35.4857644015,NA,"7261 Santa Ysabel Ave,Atascadero,CA,93422",6079
"4453610701","4357 OREGON ST","San Diego","CA",92104,-117.134765874,32.7565405467,-117.134993836,32.7564709851,-117.134537927,32.756610101,NA,"4357 OREGON ST,San Diego,CA,92104",6073
"026653089","849 BROOKSIDE DR","Shafter","CA",93263,-119.295116696,35.4990382131,-119.295268624,35.4988564749,-119.294964768,35.499219951,"0106","849 BROOKSIDE DR,Shafter,CA,93263",6029
"232312066","25807 CHERRYHILL DR","Boron","CA",93516,-117.671623232,35.012662214,-117.671918486,35.012496807,-117.671317838,35.0128093716,"0101","25807 CHERRYHILL DR,Boron,CA,93516",6029
"016-095-11","156 SAN BENITO ST","Corralitos","CA",95076,-121.768204283,36.9216389964,-121.768400703,36.9214859019,-121.768007906,36.9217920606,"020","156 SAN BENITO ST,Corralitos,CA,95076",6087
"3204062048","42250  71st St W","Del Sur","CA",93536,-118.255136765,34.6506845054,-118.255346635,34.6505712938,-118.254926954,34.6507977217,"0100","42250  71st St W,Del Sur,CA,93536",6037
"503392016","10360 SAN PABLO AVE","El Cerrito","CA",94530,-122.305420513,37.9072961917,-122.3056142,37.9071699404,-122.305226794,37.9074228139,NA,"10360 SAN PABLO AVE,El Cerrito,CA,94530",6013
"168-190-044","455 MENDOCINO ST","Tulare","CA",93274,-119.369922153,36.2012495286,-119.370103403,36.2011699337,-119.369740465,36.201329176,NA,"455 MENDOCINO ST,Tulare,CA,93274",6107
"056 191901700","2440 EDWARDS ST","Berkeley","CA",94702,-122.282317463,37.8623627318,-122.282411741,37.8622772922,-122.28222607,37.8624513226,"1100","2440 EDWARDS ST,Berkeley,CA,94702",6001
"3542017000","12481 OLD FRENCH RD","Nevada City","CA",95959,-121.024246735,39.2415335019,-121.024653178,39.2409211634,-121.023751483,39.2419887107,NA,"12481 OLD FRENCH RD,Nevada City,CA,95959",6057
"4110007009","7516 Dunfield Ave","Los Angeles","CA",90045,-118.397891905,33.9737067962,-118.398122661,33.9735824213,-118.397665846,33.9738261743,"0100","7516 Dunfield Ave,Los Angeles,CA,90045",6037
"7033001037","17203 Ibex Ave","Cerritos","CA",90703,-118.07454403,33.8753379136,-118.074703931,33.8751047228,-118.074367748,33.8755779622,"0101","17203 Ibex Ave,Cerritos,CA,90703",6037
"4230210824","4465 OCEAN BLVD","San Diego","CA",92109,-117.256241184,32.7959049328,-117.256585408,32.7955065864,-117.255908224,32.7962999225,NA,"4465 OCEAN BLVD,San Diego,CA,92109",6073
"7306023059","2677 E El Presidio St","Long Beach","CA",90810,-118.216715489,33.8422621941,-118.217470343,33.8417607384,-118.215957563,33.8427655422,"3330","2677 E El Presidio St,Long Beach,CA,90810",6037
"047229204","19876 STODDARD WELLS RD","Apple Valley","CA",92307,-117.220438493,34.6113402634,-117.220598154,34.6112348919,-117.220358436,34.6115505608,"510","19876 STODDARD WELLS RD,Apple Valley,CA,92307",6071
"3471314138","7565 CHARMANT DR","San Diego","CA",92122,-117.22626343,32.8644711967,-117.227283544,32.863589479,-117.224956533,32.8654674827,NA,"7565 CHARMANT DR,San Diego,CA,92122",6073
"032132121","36205 GOLDEN GATE DR","Oak Glen","CA",92399,-117.014723415,34.0463735482,-117.014963086,34.0461941877,-117.014505033,34.0465531445,"510","36205 GOLDEN GATE DR,Oak Glen,CA,92399",6071
"093-052-001","1204 N RINALDI ST","Visalia","CA",93291,-119.307847476,36.3411945931,-119.308018019,36.3411111893,-119.307676934,36.3412779965,NA,"1204 N RINALDI ST,Visalia,CA,93291",6107
"851021018","320 N SOLA AVE","Blythe","CA",92225,-114.586245016,33.6147166156,-114.586409182,33.6146292614,-114.586081036,33.6148042474,NA,"320 N SOLA AVE,Blythe,CA,92225",6065
"020945162","9133 W RANCHO PARK CIR","Rancho Cucamonga","CA",91730,-117.604259651,34.0877846641,-117.604358708,34.0877391341,-117.60416059,34.0878302018,"534","9133 W RANCHO PARK CIR,Rancho Cucamonga,CA,91730",6071
"8008018022","11603 Clarkman St","Santa Fe Spgs","CA",90670,-118.085974016,33.9392576538,-118.086213601,33.9389926775,-118.085754586,33.9395123882,"0100","11603 Clarkman St,Santa Fe Spgs,CA,90670",6037
"8444005030","452 W Center St","Covina","CA",91723,-117.898235731,34.0848040144,-117.898362964,34.0845706947,-117.898107748,34.0850373599,"0400","452 W Center St,Covina,CA,91723",6037
"478191024","29170 STEVENS AVE","Moreno Valley","CA",92555,-117.153708772,33.9203676273,-117.15398601,33.9201882361,-117.153430768,33.9205470185,NA,"29170 STEVENS AVE,Moreno Valley,CA,92555",6065
"040-031-015","36626 BOWHAY","Kingsburg",NA,93631,-119.484065759,36.4561473956,-119.484309143,36.4559189523,-119.483794086,36.4563484099,NA,"36626 BOWHAY,Kingsburg,NA,93631",6107
"008-510-037","1105 I ST","Petaluma","CA",94952,-122.633085803,38.2216412508,-122.633364815,38.2214491459,-122.632857249,38.2218233566,NA,"1105 I ST,Petaluma,CA,94952",6097
"5302014087","4225 Via Arbolada","Highland Park","CA",90042,-118.188439861,34.0944516923,-118.190081127,34.092716333,-118.186652456,34.0959993709,"010C","4225 Via Arbolada,Highland Park,CA,90042",6037
"5742001032","1272 N Sierra Bonita Ave","Pasadena","CA",91104,-118.117340404,34.1679531223,-118.117732882,34.167880966,-118.116947887,34.1680252465,"010C","1272 N Sierra Bonita Ave,Pasadena,CA,91104",6037
"023251057","2201 Yorkshire Dr","Cambria","CA",93428,-121.081948892,35.5556996534,-121.08219011,35.5555633703,-121.081726641,35.55586445,NA,"2201 Yorkshire Dr,Cambria,CA,93428",6079
"033209507","28475 LARCHMONT LN",NA,NA,92407,-117.182097343,34.2381728621,-117.182264531,34.2380752571,-117.181974727,34.2382790039,"510","28475 LARCHMONT LN,NA,NA,92407",6071
"2184040025","18136 Lake Encino Dr","Encino","CA",91316,-118.529681193,34.14876839,-118.529879511,34.1485019105,-118.529495799,34.1490086051,"0101","18136 Lake Encino Dr,Encino,CA,91316",6037
"027425110","1168 ALIDA ST","Colton","CA",92324,-117.343304137,34.0819019795,-117.343490466,34.0817783593,-117.343180619,34.0820625984,"510","1168 ALIDA ST,Colton,CA,92324",6071
"318091196","27801 STALLION SPRINGS DR","Tehachapi","CA",93561,-118.62624985,35.0836890341,-118.626577714,35.0834059525,-118.625947634,35.0839729911,"1020","27801 STALLION SPRINGS DR,Tehachapi,CA,93561",6029
"37812014","5597 GLENOAK CT","San Jose","CA",95129,-122.001853257,37.3046275318,-122.001995981,37.3044645078,-122.00168778,37.30477952,NA,"5597 GLENOAK CT,San Jose,CA,95129",6085
"019-050-012","425 Conejo Rd","Santa Barbara","CA",93103,-119.676843038,34.4455924578,-119.677214999,34.4451438462,-119.676446568,34.4459731649,"0100","425 Conejo Rd,Santa Barbara,CA,93103",6083
"55435044","3154 LINCOLN AVE","CLOVIS","CA",93619,-119.651644094,36.8168079229,-119.651746532,36.8166299268,-119.651541657,36.8169859181,NA,"3154 LINCOLN AVE,CLOVIS,CA,93619",6019
"021 023000800","1837  5TH AVE","Oakland","CA",94606,-122.24979357,37.7989190165,-122.249973494,37.7987709207,-122.249613646,37.7990671123,"1100","1837  5TH AVE,Oakland,CA,94606",6001
"8763010027","1302 Garzon Pl","Walnut","CA",91789,-117.843734357,33.9957740294,-117.843913876,33.9956563911,-117.843550698,33.9959000817,"0100","1302 Garzon Pl,Walnut,CA,91789",6037
"4313017013","3672 Watseka Ave",NA,"CA",90034,-118.398676979,34.0272350511,-118.398908868,34.0270770702,-118.398445081,34.0273930298,"0500","3672 Watseka Ave,NA,CA,90034",6037
"00500810050000","5395 HALE CT","Sacramento","CA",95819,-121.426634417,38.5804193891,-121.426844289,38.5802201673,-121.426380042,38.5805889355,NA,"5395 HALE CT,Sacramento,CA,95819",6067
"019-213-026-000","5660 11TH ST","Sheridan","CA",95681,-121.372315492,38.9809666149,-121.372641415,38.9807640018,-121.371990559,38.9811695881,"01","5660 11TH ST,Sheridan,CA,95681",6061
"2171016046","21911 Dumetz Rd","Woodland Hls","CA",91364,-118.604986131,34.1571773985,-118.605069152,34.1570398691,-118.604903113,34.1573149346,"0100","21911 Dumetz Rd,Woodland Hls,CA,91364",6037
"2111028019","7102 Alabama Ave",NA,"CA",91303,-118.598667301,34.1994158899,-118.598915516,34.1993536732,-118.59841909,34.1994781066,"1100","7102 Alabama Ave,NA,CA,91303",6037
"964390018","31815 ABRAZO ST","Murrieta","CA",92563,-117.104505101,33.5663550212,-117.104621485,33.5662058212,-117.104390237,33.5665145285,NA,"31815 ABRAZO ST,Murrieta,CA,92563",6065
"054-192-100-000","1486 MAGADON RD","Paradise","CA",95969,-121.590846014,39.7415612788,-121.59150343,39.7413548711,-121.590189771,39.7417678114,"RS","1486 MAGADON RD,Paradise,CA,95969",6007
"5722034057","465 S Los Robles Ave",NA,"CA",91101,-118.141772363,34.1378320159,-118.14208875,34.1376868742,-118.141456551,34.1379770979,"010E","465 S Los Robles Ave,NA,CA,91101",6037
"2836039060","26971 Flo Ln","Canyon Cntry","CA",91351,-118.486875949,34.4186042849,-118.489912102,34.4180934948,-118.484962323,34.4209781808,"010C","26971 Flo Ln,Canyon Cntry,CA,91351",6037
"535160097","11715 BLANKET FLOWER DR",NA,NA,93311,-119.133336813,35.2982439608,-119.13344813,35.2980801307,-119.133229909,35.2984155114,"0101","11715 BLANKET FLOWER DR,NA,NA,93311",6029
"14014006","1804 SUMMIT LEVEL RD","Mokelumne Hill","CA",95245,-120.490958268,38.3362745406,-120.49556939,38.3341714222,-120.486291222,38.3385043028,"7300","1804 SUMMIT LEVEL RD,Mokelumne Hill,CA,95245",6009
"045-550-021-000","1257 E 5TH AVE","Chico","CA",95926,-121.830704735,39.7515113558,-121.830946645,39.7513286358,-121.830452281,39.7517045631,"RS","1257 E 5TH AVE,Chico,CA,95926",6007
"027-240-07-1","21725 WILCOX RD","Red Bluff","CA",96080,-122.229252371,40.2051794115,-122.229502534,40.204899713,-122.228837809,40.2055732976,"051","21725 WILCOX RD,Red Bluff,CA,96080",6103
"5482432300","368 SAINT RITA CT","San Diego","CA",92113,-117.086219129,32.7013870792,-117.086324607,32.7012103869,-117.086113526,32.7015634686,NA,"368 SAINT RITA CT,San Diego,CA,92113",6073
"007 062101400","14 AMBLER LN","Emeryville","CA",94608,-122.288057731,37.8226456202,-122.288113322,37.8225995407,-122.28800214,37.8226916994,"1500","14 AMBLER LN,Emeryville,CA,94608",6001
"842221001","860 YUCCA DR","Blythe","CA",92225,-114.600330745,33.6242905919,-114.600533721,33.6241901557,-114.600138499,33.624395782,NA,"860 YUCCA DR,Blythe,CA,92225",6065
"092 002500500","7136 GEORGE AVE","Newark","CA",94560,-122.040640934,37.5319217435,-122.040854209,37.5317782701,-122.040427658,37.532065217,"1100","7136 GEORGE AVE,Newark,CA,94560",6001
"5044002100","9876 OLD RIDGE RD","Spring Valley","CA",91977,-116.986453355,32.7309921122,-116.986814894,32.7308386566,-116.986103715,32.7311319732,NA,"9876 OLD RIDGE RD,Spring Valley,CA,91977",6073
"7740404159","3505 ALPINE BLVD","Alpine","CA",91901,-116.739094411,32.8323347076,-116.740713695,32.8313097921,-116.737214336,32.8331783323,NA,"3505 ALPINE BLVD,Alpine,CA,91901",6073
"412 005206700","17005 VIA FLORES","San Lorenzo","CA",94580,-122.128331141,37.6747527744,-122.1285221,37.6746298693,-122.128140183,37.6748763366,"1100","17005 VIA FLORES,San Lorenzo,CA,94580",6001
"4460532912","4580 OHIO ST","San Diego","CA",92116,-117.129314388,32.7606100351,-117.129542578,32.7604372011,-117.129086179,32.7607829372,NA,"4580 OHIO ST,San Diego,CA,92116",6073
"2831008","4120 24TH ST","San Francisco","CA",94114,-122.434749675,37.7515014412,-122.434816383,37.7513435409,-122.434682967,37.7516592991,NA,"4120 24TH ST,San Francisco,CA,94114",6075
"2443021045","2015 W Parkside Ave","Burbank","CA",91506,-118.322419065,34.1577046565,-118.32257011,34.1575043596,-118.322241782,34.1578792829,"0100","2015 W Parkside Ave,Burbank,CA,91506",6037
"13217000090000","10335 SHOECH CT","Elk Grove","CA",95757,-121.447362395,38.3831906725,-121.447514054,38.383031127,-121.447211737,38.3833408851,NA,"10335 SHOECH CT,Elk Grove,CA,95757",6067
"6231015006","7340 Benares St",NA,"CA",90241,-118.153057707,33.9430376613,-118.153273405,33.9428142122,-118.152841844,33.9432612541,"0100","7340 Benares St,NA,CA,90241",6037
"6343024027","457 Via Norte",NA,"CA",90640,-118.136272968,34.0210061819,-118.136437507,34.0209366983,-118.136108494,34.0210756164,"0100","457 Via Norte,NA,CA,90640",6037
"2886822210","25382 PAPPAS RD","Ramona","CA",92065,-116.781192279,33.0048125235,-116.781265686,33.0047805634,-116.7811189,33.0048444564,NA,"25382 PAPPAS RD,Ramona,CA,92065",6073
"018330177","948 E ELIZABETH ST","Barstow","CA",92311,-117.012378834,34.8888145383,-117.012478071,34.8886288066,-117.012278051,34.8890012435,"510","948 E ELIZABETH ST,Barstow,CA,92311",6071
"70423055","6104 CAMINO VERDE DR","San Jose","CA",95119,-121.800645011,37.2365553896,-121.800998289,37.236278474,-121.800296664,37.2368360164,NA,"6104 CAMINO VERDE DR,San Jose,CA,95119",6085
"07114700150000","1465 HADDINGTON DR","Folsom","CA",95630,-121.112376418,38.6931466565,-121.112595455,38.6930172685,-121.112137458,38.6932934855,NA,"1465 HADDINGTON DR,Folsom,CA,95630",6067
"072-310-027-000","74 ELSA LN","Oroville","CA",95966,-121.361537422,39.5021114319,-121.362096036,39.50122627,-121.360984883,39.5029975365,"RZ","74 ELSA LN,Oroville,CA,95966",6007
"6722503500","6602 BIRCHWOOD ST","San Diego","CA",92120,-117.080032035,32.7924864374,-117.080221746,32.7923576229,-117.079840036,32.7926378225,NA,"6602 BIRCHWOOD ST,San Diego,CA,92120",6073
"16527007","250 SOBRANTE WAY","Sunnyvale","CA",94086,-122.033752363,37.3839562893,-122.034286289,37.3834471611,-122.033230256,37.3844358656,NA,"250 SOBRANTE WAY,Sunnyvale,CA,94086",6085
"028306254","24779 REDLANDS BLVD","Loma Linda","CA",92354,-117.26382913,34.0624921101,-117.264011828,34.0616451782,-117.263617055,34.0629490415,"300","24779 REDLANDS BLVD,Loma Linda,CA,92354",6071
"147341020","10062 SINGLETON WAY","Riverside","CA",92503,-117.467801891,33.9281392659,-117.467987227,33.9279041764,-117.467616553,33.9283705801,NA,"10062 SINGLETON WAY,Riverside,CA,92503",6065
"904722009","23858 VIA ALISOL","Murrieta","CA",92562,-117.244151849,33.5739794176,-117.244361072,33.5738062023,-117.243971214,33.574175733,NA,"23858 VIA ALISOL,Murrieta,CA,92562",6065
"060320024000","10673 MARYSVILLE RD","Dobbins","CA",95935,-121.193819463,39.3723052237,-121.194405334,39.370239588,-121.193256121,39.3736811215,NA,"10673 MARYSVILLE RD,Dobbins,CA,95935",6115
"446263003","936 SAN FRANCISCO DR","Hemet","CA",92543,-116.978249136,33.7324362603,-116.978389855,33.7323593655,-116.97810771,33.732513275,NA,"936 SAN FRANCISCO DR,Hemet,CA,92543",6065
"69429002","5878 ALLEN AVE","San Jose","CA",95123,-121.85635697,37.2440500478,-121.856555096,37.2439347531,-121.856159021,37.2441652978,NA,"5878 ALLEN AVE,San Jose,CA,95123",6085
"8434019036","1660 W Industrial Park St",NA,"CA",91722,-117.924787342,34.0908517849,-117.92528248,34.0905040916,-117.924293761,34.0912013254,"3200","1660 W Industrial Park St,NA,CA,91722",6037
"1770526500","1262 ALTA VISTA DR","Vista","CA",92084,-117.224883572,33.2072233091,-117.225149947,33.2069251156,-117.224551617,33.2074921529,NA,"1262 ALTA VISTA DR,Vista,CA,92084",6073
"013021131","415 W RIALTO AVE","Rialto","CA",92376,-117.377465547,34.09896331,-117.377636907,34.0985508247,-117.377294192,34.0993757909,"113","415 W RIALTO AVE,Rialto,CA,92376",6071
"67633041","3693 YERBA BUENA AVE","San Jose","CA",95121,-121.787517025,37.3091928542,-121.78772166,37.3090634763,-121.787308917,37.3092983222,NA,"3693 YERBA BUENA AVE,San Jose,CA,95121",6085
"2173016014","22232 Craft Ct","Calabasas","CA",91302,-118.610762616,34.1464596758,-118.610989911,34.1463532886,-118.610572663,34.1465670969,"0101","22232 Craft Ct,Calabasas,CA,91302",6037
"2069064001","24838 Paseo Primario","Calabasas","CA",91302,-118.652511922,34.1355956425,-118.652729081,34.1353781165,-118.65233777,34.1357950302,"010D","24838 Paseo Primario,Calabasas,CA,91302",6037
"52323062","309 ESCOBAR AVE","Los Gatos","CA",95032,-121.945947287,37.2400397951,-121.946233929,37.2398787196,-121.945690136,37.2402077321,NA,"309 ESCOBAR AVE,Los Gatos,CA,95032",6085
"1420201315","1201 ALMENDRA PL","Oxnard","CA",93036,-119.166058194,34.2217234072,-119.166165975,34.2215852627,-119.165950618,34.2218616401,NA,"1201 ALMENDRA PL,Oxnard,CA,93036",6111
"300030009","20631 EUREKA ST","Perris","CA",92571,-117.194013473,33.8209262627,-117.194520076,33.8207407234,-117.193507283,33.8211119774,NA,"20631 EUREKA ST,Perris,CA,92571",6065
"11518800580000","8322 LAPORTE WAY","Elk Grove","CA",95624,-121.398908424,38.4454113029,-121.399013344,38.4452739894,-121.398803505,38.4455486137,NA,"8322 LAPORTE WAY,Elk Grove,CA,95624",6067
"76707020","17490 DEL MONTE AVE","Morgan Hill","CA",95037,-121.655380826,37.1284692669,-121.655600599,37.1283012716,-121.655161053,37.1286372624,NA,"17490 DEL MONTE AVE,Morgan Hill,CA,95037",6085
"5648012001","131 E Mountain St","Glendale","CA",91207,-118.254063635,34.1670820102,-118.254183131,34.1668350811,-118.253941935,34.167327212,"0101","131 E Mountain St,Glendale,CA,91207",6037
"7422027013","1518 N Banning Blvd","Wilmington","CA",90744,-118.25933868,33.7941250388,-118.259557493,33.7940563803,-118.259119977,33.7941936874,"0100","1518 N Banning Blvd,Wilmington,CA,90744",6037
"147-230-016","2904 YULUPA AVE","Santa Rosa","CA",95405,-122.664976843,38.4248561915,-122.665047184,38.4248086487,-122.664906351,38.4249036477,NA,"2904 YULUPA AVE,Santa Rosa,CA,95405",6097
"4352009027","1501 Gilcrest Dr","Beverly Hills","CA",90210,-118.40262753,34.097705123,-118.403103299,34.0971275419,-118.402010909,34.098195227,"0101","1501 Gilcrest Dr,Beverly Hills,CA,90210",6037
"684342003","71526 MIRAGE RD","Rancho Mirage","CA",92270,-116.416316202,33.7399876161,-116.416519116,33.7398098685,-116.41608547,33.7401631766,NA,"71526 MIRAGE RD,Rancho Mirage,CA,92270",6065
"1070806500","3609 CANONITA DR","Fallbrook","CA",92028,-117.183587043,33.3603464467,-117.184171423,33.3598627196,-117.182956913,33.3609709291,NA,"3609 CANONITA DR,Fallbrook,CA,92028",6073
"207120039000","5588 ELLIOTT AVE","Atwater","CA",95301,-120.588284055,37.3209093846,-120.588507799,37.3204106255,-120.5880603,37.3214080831,"101","5588 ELLIOTT AVE,Atwater,CA,95301",6047
"014191035","10610 Santa Rosa Creek Rd",NA,"CA",93428,-120.894241405,35.5551641147,-120.896319049,35.5526801491,-120.891877655,35.5584656797,NA,"10610 Santa Rosa Creek Rd,NA,CA,93428",6079
"016101217","1251 N RANCHO AVE","Colton","CA",92324,-117.335161166,34.0803612469,-117.335472747,34.0802612525,-117.334849544,34.0804612338,"510","1251 N RANCHO AVE,Colton,CA,92324",6071
"50024313","7164 N BRIARWOOD AVE","FRESNO","CA",93711,-119.840439033,36.8402190122,-119.840749625,36.8400164112,-119.840122875,36.840380579,"11","7164 N BRIARWOOD AVE,FRESNO,CA,93711",6019
"0211900170","4070 SAN JUAN RD",NA,NA,95045,-121.453290482,36.8185083849,-121.456777778,36.815880388,-121.449502789,36.8214307592,NA,"4070 SAN JUAN RD,NA,NA,95045",6069
"1801725300","1216 TOWER DR","Vista","CA",92083,-117.228862816,33.1858306998,-117.229117174,33.1856059653,-117.228644158,33.1860637243,NA,"1216 TOWER DR,Vista,CA,92083",6073
"5156010012","118 N Dillon St","Los Angeles","CA",90026,-118.282516962,34.0726363206,-118.282735098,34.0724930232,-118.282298823,34.0727796099,"0100","118 N Dillon St,Los Angeles,CA,90026",6037
"041091016","91 S Main St","Templeton","CA",93465,-120.701400977,35.5531139727,-120.701744473,35.5528109547,-120.701040008,35.5534406659,NA,"91 S Main St,Templeton,CA,93465",6079
"206176016000","1360 BELMONT DR","Merced","CA",95348,-120.497429657,37.3322690375,-120.497517396,37.332161185,-120.497341917,37.3323768898,"101","1360 BELMONT DR,Merced,CA,95348",6047
"8327008045","1187 E 9th St","Phillips Ranch","CA",91766,-117.732918127,34.0523057248,-117.733338882,34.0519929722,-117.732579908,34.0525851313,"010C","1187 E 9th St,Phillips Ranch,CA,91766",6037
"6270222255","4861 SEMINOLE CIR","Santa Susana","CA",93063,-118.698688914,34.2910947055,-118.698883558,34.2909281646,-118.69848672,34.2913412819,NA,"4861 SEMINOLE CIR,Santa Susana,CA,93063",6111
"5903302900","5756 GOOD KARMA LN","Bonita","CA",91902,-117.005678861,32.6691953142,-117.005844153,32.6689109952,-117.005455144,32.6694752053,NA,"5756 GOOD KARMA LN,Bonita,CA,91902",6073
"070-251-04","23 CIELO DR","Greenbrae","CA",94904,-122.526005763,37.9541688375,-122.526395365,37.9540256813,-122.525680997,37.9543367501,"11","23 CIELO DR,Greenbrae,CA,94904",6041
"5680010008","600 E Chevy Chase Dr",NA,"CA",91205,-118.239172769,34.1398020252,-118.239427691,34.1397325042,-118.238917379,34.1398713446,"0200","600 E Chevy Chase Dr,NA,CA,91205",6037
"7376022028","2020 Lomita Blvd","Lomita","CA",90717,-118.314959794,33.7996458993,-118.315042742,33.7991526019,-118.31487469,33.8001730582,"3100","2020 Lomita Blvd,Lomita,CA,90717",6037
"2314002037","8265 Case Ave",NA,"CA",91352,-118.37297372,34.2207200902,-118.373296187,34.2206431618,-118.372619008,34.2208061404,"0100","8265 Case Ave,NA,CA,91352",6037
"1472640910","121 S PACIFIC ST","Oceanside","CA",92054,-117.382000745,33.1921581732,-117.382404218,33.1917954171,-117.381599467,33.1925186869,NA,"121 S PACIFIC ST,Oceanside,CA,92054",6073
"4004028026","6311 S Rimpau Blvd","Los Angeles","CA",90043,-118.339924308,33.9824950256,-118.340148683,33.9824387826,-118.339699942,33.9825512528,"0100","6311 S Rimpau Blvd,Los Angeles,CA,90043",6037
"110727314","5415 BUCKSKIN DR","Fontana","CA",92336,-117.477242785,34.1555804726,-117.477424938,34.1555177543,-117.477060702,34.1556431834,"510","5415 BUCKSKIN DR,Fontana,CA,92336",6071
"1620210210","236 HUGHESDR23693010CENTERED",NA,NA,93010,-119.05651138,34.2160389361,-119.056593116,34.2153469545,-119.056430373,34.2167330033,NA,"236 HUGHESDR23693010CENTERED,NA,NA,93010",6111
"2864004168","19329 Oak Crossing Rd","Newhall","CA",91321,-118.473390183,34.4065173939,-118.476140025,34.4046120738,-118.470799342,34.4083568024,"010C","19329 Oak Crossing Rd,Newhall,CA,91321",6037
"78341026","1424 BLACKWING WAY","Gilroy","CA",95020,-121.607580861,37.0286572218,-121.607710343,37.0285419545,-121.607402345,37.0288115627,NA,"1424 BLACKWING WAY,Gilroy,CA,95020",6085
"43068206","2972 SYLMAR AVE","CLOVIS","CA",93612,-119.721336195,36.7986190988,-119.721558438,36.7985352439,-119.721114561,36.7987028759,"11","2972 SYLMAR AVE,CLOVIS,CA,93612",6019
"008230008000","3048 MARIE CT","Merced","CA",95340,-120.449174984,37.3170959554,-120.449396147,37.3170118336,-120.448953817,37.3171800771,"101","3048 MARIE CT,Merced,CA,95340",6047
"2644612600","3423 CORTE SONRISA","Carlsbad","CA",92009,-117.234707096,33.0631611928,-117.234868905,33.0629705294,-117.234544126,33.0633498299,NA,"3423 CORTE SONRISA,Carlsbad,CA,92009",6073
"4077022009","4321 Marine Ave","Lawndale","CA",90260,-118.351061355,33.8948258465,-118.351292867,33.8947492897,-118.350829861,33.8949024016,"100V","4321 Marine Ave,Lawndale,CA,90260",6037
"548220012","44675 BANTAM WAY","Hemet","CA",92544,-116.88144159,33.7503765475,-116.88158059,33.7502391704,-116.881230477,33.7505666929,NA,"44675 BANTAM WAY,Hemet,CA,92544",6065
"051-210-033-000","5581 HONEY VIEW TER","Paradise","CA",95969,-121.63730617,39.7504740645,-121.638408326,39.7502927636,-121.63601823,39.75088469,"RS","5581 HONEY VIEW TER,Paradise,CA,95969",6007
"031840112","12373 WINDSOR DR","Oak Glen","CA",92399,-117.079091742,34.0279364426,-117.079534552,34.0277063647,-117.078612062,34.0281522529,"510","12373 WINDSOR DR,Oak Glen,CA,92399",6071
"965151009","32960 PLIANCE WAY","Temecula","CA",92592,-117.08389798,33.4996588929,-117.084101508,33.4994950111,-117.083703754,33.4998254024,NA,"32960 PLIANCE WAY,Temecula,CA,92592",6065
"7406012037","425 E Lincoln St","Carson","CA",90745,-118.267601472,33.8075425954,-118.267649068,33.8073731946,-118.267553863,33.8077120443,"0100","425 E Lincoln St,Carson,CA,90745",6037
"5516005017","120 N Windsor Blvd","Los Angeles","CA",90004,-118.319178874,34.0738254092,-118.319424311,34.0737484696,-118.318946215,34.0739009757,"0100","120 N Windsor Blvd,Los Angeles,CA,90004",6037
"033340008000","16652 MCKENZIE DR","Pioneer","CA",95666,-120.50956484,38.4478469824,-120.509990967,38.4475622109,-120.509136925,38.4481157064,NA,"16652 MCKENZIE DR,Pioneer,CA,95666",6005
"8459026064","1815 San Diego St","West Covina","CA",91790,-117.944178478,34.0739114447,-117.944910298,34.0734035857,-117.943218195,34.0742436728,"010C","1815 San Diego St,West Covina,CA,91790",6037
"437251042","422 E 7TH ST","Gilman Hot Springs","CA",92583,-116.954337997,33.7798891188,-116.954534382,33.7796361834,-116.954141781,33.780142222,NA,"422 E 7TH ST,Gilman Hot Springs,CA,92583",6065
"8075012026","14429 Crossdale Ave","Norwalk","CA",90650,-118.097620854,33.9002983699,-118.097786339,33.900215071,-118.097455371,33.9003816681,"0100","14429 Crossdale Ave,Norwalk,CA,90650",6037
"100-243-001","1035 S PINKHAM ST","Visalia","CA",93292,-119.270419731,36.3214611502,-119.270577957,36.3213846614,-119.270256393,36.3215384191,NA,"1035 S PINKHAM ST,Visalia,CA,93292",6107
"059 226902200","1441 M L KING JR WAY","Berkeley",NA,94709,-122.273677409,37.8800447386,-122.273837417,37.8799816004,-122.273515495,37.8801077022,"2300","1441 M L KING JR WAY,Berkeley,NA,94709",6001
"515270019","2415 MACDONALD AVE","Richmond","CA",94804,-122.346559807,37.9359591538,-122.346808543,37.9356951751,-122.346375025,37.9361560324,NA,"2415 MACDONALD AVE,Richmond,CA,94804",6013
"041303219","15948 YUCCA ST","Hesperia","CA",92345,-117.314681155,34.4246468702,-117.314844743,34.4244368125,-117.314517565,34.4248569271,"604","15948 YUCCA ST,Hesperia,CA,92345",6071
"023251242","2408 SHERWOOD AVE","Bakersfield","CA",93304,-119.029799216,35.3314399147,-119.029927579,35.3312801801,-119.029672705,35.3315966225,"0101","2408 SHERWOOD AVE,Bakersfield,CA,93304",6029
"508201003","845 S RIVERSIDE DR","Palm Springs","CA",92264,-116.537997782,33.8098394213,-116.538179981,33.8097009116,-116.537815872,33.809978605,NA,"845 S RIVERSIDE DR,Palm Springs,CA,92264",6065
"126182028","1165 ALMENDRA CT","Concord","CA",94518,-122.029473077,37.9667177684,-122.02974574,37.9665898078,-122.029193826,37.9668513236,NA,"1165 ALMENDRA CT,Concord,CA,94518",6013
"309542141","12859 DILLON LN","Victorville","CA",92392,-117.365620783,34.4841589257,-117.365845496,34.484076205,-117.365396074,34.4842416429,"510","12859 DILLON LN,Victorville,CA,92392",6071
"7247023011","75 Corona Ave","Long Beach","CA",90803,-118.136664107,33.7571188486,-118.136814885,33.7570317859,-118.136513597,33.7572057941,"0100","75 Corona Ave,Long Beach,CA,90803",6037
"5457016005","2672 Moss Ave","Glassell","CA",90065,-118.238046208,34.1108481316,-118.238298628,34.1106768986,-118.23779383,34.1110193962,"0100","2672 Moss Ave,Glassell,CA,90065",6037
"24438001","1701 FEASEL CT","San Jose","CA",95131,-121.898256456,37.388038214,-121.898393393,37.3879089341,-121.898122568,37.3881655587,NA,"1701 FEASEL CT,San Jose,CA,95131",6085
"080 007101800","1626  164TH AVE","San Leandro","CA",94578,-122.108849469,37.6978984941,-122.109362044,37.6974990904,-122.108336888,37.6982977612,"7700","1626  164TH AVE,San Leandro,CA,94578",6001
"3147012024","44455 Fenhold St","Hi Vista","CA",93535,-118.104626132,34.691215792,-118.104824555,34.6911316638,-118.104427709,34.6912999203,"0100","44455 Fenhold St,Hi Vista,CA,93535",6037
"100-240-17-1","19841 COTTONWOOD DR","Cottonwood","CA",96022,-122.200091147,40.3702998015,-122.200357855,40.3701937175,-122.199825484,40.370406375,"Y050","19841 COTTONWOOD DR,Cottonwood,CA,96022",6103
"2327022044","6901 Coldwater Canyon Ave","North Hollywood","CA",91605,-118.414165993,34.1958983908,-118.414401258,34.1957869522,-118.413930828,34.1960098223,"0500","6901 Coldwater Canyon Ave,North Hollywood,CA,91605",6037
"25446044","829 CAPE FLATTERY PL","San Jose","CA",95133,-121.865300346,37.371504325,-121.865501464,37.3712756356,-121.865157313,37.3716901505,NA,"829 CAPE FLATTERY PL,San Jose,CA,95133",6085
"413220005","2861   17TH ST","Hilltop Mall","CA",94806,-122.347611537,37.9723412531,-122.347801265,37.9722366197,-122.347421694,37.9724459567,NA,"2861   17TH ST,Hilltop Mall,CA,94806",6013
"8265054039","1961 Saleroso Dr",NA,"CA",91748,-117.924606596,33.9858363749,-117.924842105,33.9856338466,-117.924370931,33.9860387337,"0101","1961 Saleroso Dr,NA,CA,91748",6037
"614583010","82097 TRAVOLTA AVE","Chiriaco Smt","CA",92201,-116.232537087,33.6887927292,-116.232611105,33.6885979092,-116.232462575,33.6889916806,NA,"82097 TRAVOLTA AVE,Chiriaco Smt,CA,92201",6065
"086240102","1038 MEPHAM DR","Pittsburg","CA",94565,-121.903787662,38.0219160719,-121.903955087,38.0217822964,-121.903620655,38.0220520569,NA,"1038 MEPHAM DR,Pittsburg,CA,94565",6013
"6317016","249 VELASCO AVE","San Francisco","CA",94134,-122.414985921,37.7085031354,-122.41508541,37.7083619766,-122.414886432,37.7086442944,NA,"249 VELASCO AVE,San Francisco,CA,94134",6075
"4213009015","4156 Harter Ave","Culver City","CA",90232,-118.408548561,34.0074474563,-118.408722365,34.0072985806,-118.408375365,34.0075972684,"0100","4156 Harter Ave,Culver City,CA,90232",6037
"014-300-042","981 N HAYES AVE","Dinuba","CA",93618,-119.381522485,36.553775261,-119.381731982,36.5536808557,-119.381313187,36.5538700284,NA,"981 N HAYES AVE,Dinuba,CA,93618",6107
"084335009000","2597 N MOUNTAINSIDE DR","Los Banos","CA",93635,-120.810405596,37.0648991126,-120.810587364,37.0647652098,-120.810246553,37.0650411433,"1001","2597 N MOUNTAINSIDE DR,Los Banos,CA,93635",6047
